time	distance_tree	NA	NA	NA	NA	NA	NA	NA	NA	NA	NA	NA	NA	NA	NA	NA	NA	NA	NA	NA	NA	NA	NA	NA	NA	NA	NA	NA	NA	NA	NA	NA	NA	NA	NA	NA	NA	NA	NA	NA	NA	NA	NA	NA	NA
2001.42124878656	0	0	0	0	0	0	0	0	0	0	0	0	0	0	0	0	0	0	0	0	0	0	0	0	0	0	0	0	0	0	0	0	0	0	0	0	0	0	0	0	0	0	0	0	0
2001.62703629869	0	0	0	0	0	0	0	0	0	0	0	0	0	0	0	0	0	0	19.7727989508183	0	0	0	0	0	0	0	0	0	0	0	0	0	0	0	0	0	0	0	0	0	0	0	0	0	0
2001.83282381083	0	0	0	0	0	0	0	0	0	0	0	0	0	0	0	0	0	0	39.5457590055866	0	0	0	0	0	0	0	0	0	0	0	0	0	0	0	0	0	0	0	0	0	0	0	0	0	0
2002.03861132296	0	0	0	0	0	0	0	0	0	0	0	0	0	0	0	0	0	0	59.3188796278208	0	0	0	0	0	0	0	0	0	0	0	0	0	0	0	0	0	0	0	0	0	0	0	0	0	0
2002.2443988351	0	0	0	0	0	0	0	0	0	0	0	0	0	0	0	0	0	1.50386926808059	79.0921602821002	0	0	0	0	0	0	0	0	0	0	0	0	0	0	0	0	0	0	0	0	0	0	0	0	0	0
2002.45018634723	0	0	0	0	0	0	0	0	0	0	0	0	0	0	0	0	0	3.03949186632161	98.8656004327794	0	0	0	0	0	0	0	0	0	0	0	105.120172064813	0	0	0	0	0	0	0	0	0	0	0	0	0	0
2002.65597385937	0	0	0	0	0	0	0	0	0	0	0	0	0	0	0	0	0	4.57498276391494	118.639199544276	0	0	0	0	0	0	0	0	0	0	4.08654796575056	313.017686377978	0	0	0	0	0	0	0	0	0	0	0	0	0	0
2002.8617613715	0	0	0	0	0	0	0	0	0	0	0	0	0	0	0	0	0	6.11034192901316	138.412957080835	0	0	0	0	0	0	0	0	0	0	13.8680216824866	518.481747769791	0	0	0	0	0	0	0	0	0	0	0	0	0	0
2003.06754888364	0	0	0	119.784499207167	0	0	0	0	0	0	0	0	0	0	0	0	0	7.6455693250293	158.186872506775	0	0	0	0	0	0	0	0	0	0	23.6498759217471	721.41872917339	0	0	0	0	0	0	0	0	0	0	0	0	0	0
2003.27333639577	0	0	0	320.73205163611	0	0	0	0	0	0	0	0	0	0	0	0	0	9.18066491605799	177.960945286296	0	0	0	0	0	0	0	0	0	0	33.432110061842	921.732751943999	0	0	0	0	0	0	0	0	0	0	0	0	0	0
2003.4791239079	0	0	0	519.213014504559	0	0	0	0	0	0	0	0	0	0	0	0	0	10.7156286625782	197.73517488368	0	0	0	0	0	0	0	0	0	0	43.2147234811175	1119.32567723181	0	0	0	0	0	0	0	0	0	0	0	0	0	0
2003.68491142004	0	0	0	715.137359504568	0	0	0	0	0	0	0	0	0	0	0	0	0	12.2504605303414	217.509560763049	0	0	0	0	0	0	0	0	0	0	52.9977155577886	1314.09710816216	0	0	0	0	0	0	0	0	0	0	0	0	0	0
2003.89069893217	0	0	0	908.412879021138	0	0	0	0	0	0	0	0	0	0	0	0	0	13.7851604818543	249.344569642245	0	0	0	0	0	0	0	0	0	0	62.7810856701314	1505.94440400728	0	0	0	0	0	0	0	0	0	0	0	0	0	0
2004.09648644431	0	0	0	1098.94518928557	0	0	0	0	0	0	0	0	0	0	0	0	0	15.3197284812363	307.75333660503	0	0	0	0	0	0	0	0	0	0	72.5648331966948	1694.76270758784	0	0	0	0	0	0	0	0	0	0	0	0	0	0
2004.30227395644	0	0	5.71895246525004	1286.63774355708	0	0	0	0	0	0	0	0	0	0	0	0	0	16.854164490528	365.990391503614	0	0	0	0	0	0	0	0	0	0	82.3489575160235	1880.44498721849	0	0	0	0	0	0	0	0	0	0	0	0	0	0
2004.50806146858	0	0	454.888076601249	1471.39185639027	0	0	0	0	0	0	0	59.661695660129	0	0	0	0	0	18.3884684749704	424.053856913197	0	0	0	0	0	0	0	0	0	0	92.1334580064495	1947.95676510483	0	0	0	0	0	0	0	0	0	0	0	0	0	0
2004.71384898071	0	0	1131.99364296228	1653.10674010669	0	0	0	0	0	0	0	322.037657754638	0	0	0	0	0	19.9226403954163	481.941842725991	20.2663990881863	0	0	0	0	0	0	0	0	0	101.918334046573	1949.5458457744	0	0	0	0	0	0	0	0	0	0	0	0	0	0
2004.91963649284	0	0	1774.8120666116	1831.67955461589	0	0	0	0	0	0	0	580.434677420866	0	0	0	0	0	21.4566802172595	539.652446091129	44.5723695108611	0	0	0	0	0	0	0	0	0	111.703585014916	1951.13499311644	0	0	0.682808751600312	0	0	0	0	0	0	0	0	0	0	0
2005.12542400498	0	0	1843.74472533048	1928.12733531999	0	0	0	0	0	0	0	834.659594759328	0	0	0	0	0	22.9905879024285	597.183751358292	68.8970870178179	0	0	0	0	0	0	0	0	0	121.489210290073	1952.72420711548	0	0	1.87828103408494	0	0	0	0	0	0	0	0	0	0	0
2005.33121151711	0	0	1845.04800367338	1931.44894306749	0	0	0	0	0	0	0	1084.51326080413	0	0	0	0	0	24.5243634147005	654.53383002458	93.2404695465102	0	0	0	789.860093115536	0	0	0	0	0	131.275209250682	1954.31348775578	0	0	3.07380740087009	0	0	0	0	0	0	0	0	0	0	0
2005.53699902925	0	0	1846.3511929917	1934.77131885555	0	0	0	0	0	0	0	1329.79053037667	0	0	0.497915291721061	0	0	26.05800671759	711.700740685109	247.617552695784	0	0	0	1787.97067428553	0	0	0	0	0	141.061581275374	1955.90283502458	0	0	4.26938784279705	0	0	0	0	0	0	0	0	0	0	271.342865381248
2005.74278654138	0	0	1847.65429326009	1938.09446225122	0	0	0	0	0	0	0	1570.28030264806	0	0	2.81820741442484	0	0	27.5915177742527	768.682528987773	631.324557165733	0	0	0	1792.09946035436	0	0	0	0	0	150.848325742823	1957.49224890819	0	0	5.46502234647575	0	0	0	0	0	0	0	0	0	0	646.387024006687
2005.94857405352	0	0	1848.95730446147	1941.41837281431	0	0	0	0	0	0	0	1805.76561590317	1.10054058902923	0	5.13880311670443	0	0	29.1248965480393	825.477227590825	1006.7501322165	0	0	0	1796.22686307922	0	0	0	0	0	160.635442031773	1959.08172939146	0	0	6.66071090622435	0	0	0	0	0	0	0	0	0	0	1012.01075271608
2006.15436156565	0	0	1850.26022658	1944.74305010858	0	0	1.36891673757418	0	0	0	0	1916.59304887849	3.53096858289139	0	7.45970221563933	0	0	30.6581430017045	882.082856125771	1373.30665717274	0	0	0	1800.35288141642	0	0	0	0	0	179.234192526287	1960.67127646225	0	0	7.85645350325931	0	0	0	0	0	0	0	0	0	0	1367.56591499569
2006.36014907779	0	0	1851.56305959413	1948.06849369682	0	0	4.82619130251739	0	0	0	0	1920.53820773758	390.568580307774	0	9.78090452550613	151.507631674343	0	32.1912570990877	938.497421163014	1730.38242276887	0	0	0	1804.47751432335	0	0	0	0	0	298.414253551684	1962.26089010575	0	0	9.0522501308179	0	0	0	0	0	0	0	0	0	0	1712.37622346711
2006.56593658992	0	0	1852.86580348638	1951.39470314214	0	0	8.28281716814081	0	1.15222428062296	0	0	1924.48350351516	1875.05979575588	0	12.1024098602163	597.084906902535	0	33.7242388031196	994.718916182906	1903.50420631518	0	29.1285515494146	88.8080202544829	1808.60076075718	0	0	0	0	0	416.970148758867	1963.85057030815	0	0	10.2481007770107	0	0	0	0	0	0	0	0	0	0	1908.53501687313
2006.77172410205	0	0	1854.16845823906	1954.72167800792	0	0	11.73879392648	0	7.66011573240191	20.8401041099417	0	1928.42893548243	1881.11779094328	0	14.424218034653	1030.38926118479	0	35.257088077297	1050.74532155015	1907.88002809537	0	59.7853416861776	220.375342085152	1812.72261967583	5.91542360709973	0	0	0	0	534.888283865529	1965.44031705573	0	0	11.4440054298707	0	0	0	0	0	0	0	0	0	24.0465427186271	1909.05426459872
2006.97751161419	0	0	1855.47102383302	1958.04941785763	0	0	15.194121170568	0	14.1680190175302	56.1275243516723	0	1932.37450291316	1887.17281476224	0	16.7463288616592	1450.40913426837	0	36.7898048845774	1106.57460449357	1912.25669479475	0	179.275249501691	350.881133586063	1816.84309003488	22.7946884567012	0	0	0	0	652.154888777493	1967.03013033435	2.37092392051042	0	12.6399640781071	0	0	0	0	5.14911159582929	15.74001329505	0	0	0	76.2949703183427	1909.5735124577
2007.18329912632	68.5162797526338	1.12817711548672	1856.77350024985	1961.37792225491	1.72660451746073	3.01763814006578	118.620298691211	0	20.6759341231769	56.1275243516723	0	1936.32020508239	1893.22486394124	0	588.332621310568	1856.07895898044	0	38.3223891878367	1162.20471908968	1916.63420528049	1242.03038121579	429.214562499875	480.299957337592	1820.96217079069	39.6739403872331	0	0	10.9188288339824	46.3734161202034	768.756015619455	1968.62001013069	2.37092392051042	0	1792.74494936417	0	0	0	0	17.1014053859949	614.53704834626	1557.62928149925	42.7019727394176	0	128.579740804542	1910.09276042908
2007.38908663846	68.5162797526338	1.85783022505743	1858.07588747104	1964.70719076319	223.289836641613	7.51827259694436	293.573641689368	0	27.183861035424	123.612271798485	0	1940.26604126448	1905.36671134894	60.9999731167367	1392.49320599389	2246.2804466822	4.70057416096124	39.8548409514669	1217.63360625184	1921.01255841738	1874.85252884678	675.476450793061	608.605971933476	1825.07986089914	56.5531793608775	254.685779488843	1.76458839337366	32.4034559151856	134.91654426484	884.677536960195	1970.20995643057	2.37092392051042	0	1801.22196513751	0.476832802264125	259.720517318553	0	0	29.0517117562672	1709.76600198266	1887.42510499963	110.552057730214	205.886428960792	128.579740804542	1910.6120085274
2007.59487415059	68.5162797526338	3.09144115155334	1859.37818547824	1968.03722294633	478.931798172325	12.0183378342251	466.735559912494	0	224.264255970306	517.428328052303	0	1944.21201073306	1917.95655909881	60.9999731167367	1882.7279922622	2297.35972694852	282.274285140941	92.9969107945152	1272.85919372347	1925.39175306977	1875.83186278824	917.891189361839	735.772931622228	1829.19615931505	73.4324053398536	784.110796999614	4.12833697393555	159.036860350532	347.694615756927	999.905144240393	1971.79996922055	2.37092392051042	151.613456393263	1809.69689714569	1.33617879151017	781.175196851361	192.853187872123	0	41.0000264755912	1962.17103430282	1894.50032922327	472.456725226357	1293.78447113041	128.579740804542	1911.13125675873
2007.80066166273	68.5162797526338	4.32507761591781	1860.68039425371	1971.36801836841	730.558527532552	16.5178333834716	638.048569641906	0	419.252525571373	901.845418081032	0	1948.15811276248	1930.55048451077	60.9999731167367	1883.70815448686	2302.41156482807	654.605183940218	210.599706910677	1327.8793960772	1929.77178810431	1876.81122910944	1156.28402898869	861.774186685541	1833.31106499377	90.3116182867712	1295.60940909434	6.49195260344328	1151.38458804088	567.864649654946	1114.42434642006	1973.39004848612	2.37092392051042	544.711013523751	1818.1697428817	2.19548542418103	1284.44482092909	640.844534365	0	52.9463453099012	1965.81385672411	1901.57568590123	885.342558800025	2191.63271740975	128.579740804542	1911.65050511368
2008.00644917486	68.5162797526338	5.55873961173553	1861.98251377802	1974.69957659347	977.980798659461	21.0167587772464	807.453946860339	0.576694420511138	612.033713979031	1276.17835880796	9.5489006849248	1952.10434662669	1943.14848081295	60.9999731167367	1884.68834379042	2307.46375418172	1018.44327253693	327.418852935777	1382.69211471827	1934.15266238577	1877.79062780325	1390.47519568999	986.582684601518	1837.42457688965	107.190818163761	1787.4166289057	8.85543520257254	1966.56028355915	785.056326922891	1228.22046885519	1974.98019421382	220.641765177254	928.567556873158	1826.64049983499	3.05475268167101	1767.78312476384	1075.97700336547	16.419414669537	64.8906640239243	1969.45667876715	1908.65117492404	1286.33980003486	2194.59662765412	128.579740804542	1912.16975359776
2008.212236687	68.5162797526338	6.79242713071954	1863.28454403278	1978.03189718548	1221.00354257992	25.5151135463851	974.891722930463	1.19329865652837	802.528231358124	1639.71124711098	20.8931736251684	1956.05071160003	1955.75054123571	80.0939956141311	1885.66856016411	2312.516294788	1373.20171025734	443.437416065393	1437.29523789428	1938.53437478007	1878.77005886614	1620.27992693033	1110.17097205174	1841.53669395672	124.070004933	1958.59371890861	11.2187846943941	1969.23960052985	999.149765020518	1341.27865242186	1976.57040639032	492.530663895334	1302.50869631308	1835.10916549611	3.91398056971657	1841.32896201824	1497.18339317423	67.6261415003345	76.8329783807669	1973.09950043213	1915.72679618196	1674.54939708395	2197.56054227566	128.579740804542	1912.68900221015
2008.41802419913	68.5162797526338	763.589498354951	1864.58648500027	1981.36497970918	1459.42586492931	30.0128972227305	1140.30068403093	1.80988258526486	990.65467655289	1923.76869189896	32.2331342412327	1959.9972069567	1968.35665901236	275.724664065557	1886.64880359721	2317.56918642914	1718.26915231037	558.638229646199	1491.6866407094	1942.91692415263	1879.74952229152	1845.50854937183	1232.5111978237	1845.6474151489	1939.39794176247	1960.12089289753	13.5820010015855	1971.91949374081	1210.02185280207	1453.58385289879	1978.1606850007	760.043666976651	1665.83013218725	1843.57573735378	4.7731690747204	1852.12147817469	1853.06991728506	118.686671804619	88.7732841418826	1976.74232171839	1922.80254956514	1995.36333386718	2200.5244612745	128.579740804542	1913.20825094889
2008.62381171126	112.632264333278	1906.12121875903	1865.88833666158	1984.69882372881	1693.04111001496	329.137965043118	1303.61837472511	683.693771793133	1176.3298327232	1927.80065941829	43.5687735306159	1963.94383197091	1980.96682737845	469.164518669516	1887.62907408996	2322.62242888496	1874.45716970162	673.003892299543	1545.86418514519	1947.30030936931	1880.72901807569	1901.98589534987	1353.57511667045	1849.75673941932	1941.91111916086	1961.64792035995	15.9450840455556	1974.59996291513	1417.54625519876	1565.12084062773	1979.75103003208	1022.96041173394	1847.67136231048	1852.0402128962	5.63231819694126	1862.91040958728	1868.01248215147	327.81512701064	100.711577066924	1980.38514262643	1929.87843496385	1996.90189964729	2203.48838464961	128.579740804542	1913.72749981812
2008.8295992234	318.206707282672	1912.29580370454	1867.19009899853	1988.03342880908	1921.63697754514	917.636370505112	1464.78110604421	1639.31862983625	1359.46867080157	1931.83253997828	54.9000824856405	1967.89058591641	1993.58103957193	660.334962616174	1888.60937163205	2327.67602193574	1877.78115714691	786.516767361804	1599.82572008661	1951.684529296	1881.70854621341	1904.7395590884	1473.33409418308	1853.86466572099	1944.42425985824	1963.17480123892	18.3080337501946	1977.28100776957	1621.59343587359	1675.87420046496	1981.34144147004	1281.05365590569	1849.94036984905	1860.50258961059	442.146467248535	1873.69575066885	1882.94965335191	698.016471744458	112.647852914368	1984.02796315541	1936.95445226811	1998.44046531504	2206.45231239988	128.579740804542	1914.24674881397
2009.03538673553	521.190129681952	1918.46997986921	1868.49177199208	1991.36879451455	1938.60579881944	1482.0986627416	1623.72396848975	1966.41965533422	1539.98436157237	1935.86433277895	66.227052089437	1971.83746806794	2006.19928883346	849.155651569034	1889.58969621596	2332.72996536211	1881.10446521699	899.158982663363	1653.56908135399	1956.06958279825	1882.688106701	1907.49378979741	1591.75911273744	1857.97119300644	1946.93736384222	1964.70153547764	20.6708500364966	1979.962628024	1822.03069995102	1785.82833204193	1982.93191930095	1534.08930045061	1852.20934282289	1868.96286498331	920.776168029089	1884.47749582976	1897.88141994289	1059.36114809805	124.58210744051	1987.67078330559	1944.03060136822	1999.97903087139	2209.41624452322	128.579740804542	1914.76599793829
2009.24117424767	721.48570983607	1924.64374692651	1869.79335562424	1994.70492041019	1941.43156315488	1958.14791763855	1780.38085037424	1977.37119532462	1717.78829721592	1939.89603702322	77.5496733183955	1975.78447769921	2018.8215684061	1035.54449105844	1890.57004783915	2337.78425894493	1884.42709354881	1010.91243066845	1707.09209174174	1960.45546874205	1883.66769953308	1910.24858715926	1708.82077857749	1862.07632022787	1949.45043110151	1966.22812302301	23.0335328281397	1982.64482339473	1960.76033480686	1894.96745035404	1984.52246351088	1781.82647857222	1854.47828122275	1877.42103649999	1383.99904140564	1895.25563947807	1912.80777097788	1411.24957617074	136.514336400439	1991.31360307689	1951.10688215427	2001.51759631529	2212.38018101765	128.579740804542	1915.28524718941
2009.4469617598	918.994239025226	1930.81710455168	1871.09484987667	1998.04180606101	1944.256770246	1958.57344157411	1934.68446192537	1988.33227240988	1892.79012319067	1943.92765191571	88.8679371408926	1979.73161408441	2031.44787153527	1219.41764162317	1891.55042649356	2342.83890246395	1887.74904177717	1121.75876899481	1760.39256106242	1964.84218599348	1884.6473247056	1913.00395084972	1790.21701979636	1866.18004633696	1951.96346162525	1967.75456382236	961.671621963582	1985.32759360077	1976.47399622005	2003.27558669252	1986.1130740863	1965.8164933365	1856.74718503938	1885.8771016453	1830.44758079367	1906.03017601869	1927.72869550466	1753.05619771596	148.44453554723	1994.95642246903	1958.18329451656	2003.05616164681	2215.34412188247	128.579740804542	1915.80449656935
2009.65274927194	1113.61412609807	1936.99005241901	1872.39625473048	2001.37945103214	1947.08141976032	1958.9989656281	1968.10537560687	1999.30286613711	2000.21544908504	1947.9591766577	100.181834517991	1983.67887649792	2044.07819146892	1400.68953248331	1892.53083217316	2347.89389570034	1891.07030953871	1231.67942133972	1813.46828619829	1969.22973341854	1885.62698221244	1915.75988055	1795.70243104947	1870.28237028516	1954.47645540318	1969.28085782239	2031.99713625762	1988.01093835991	1992.18045698695	2065.7563251733	1987.70375101282	1967.94338433483	1859.0160542617	1894.33105790312	1939.41804913723	1916.80109985419	1942.64418256586	1974.92370000683	428.801133403658	1998.59924148165	1965.25983834529	2004.59472686428	2218.30806711615	128.579740804542	1916.32374607818
2009.85853678407	1305.24141368163	1943.16259020293	1873.69757016735	2004.71785488877	1949.90551136556	1959.42448981012	1973.68398947426	2010.28295607285	2003.33786854945	1951.99061045322	111.491356402887	1987.6262642137	2056.71252145748	1579.27288455553	1893.51126487221	2352.94923843402	1894.39089646837	1340.65557883156	1866.31705115842	1973.61810988338	1886.60667205175	1918.5163759376	1801.18878844628	1874.38329102332	1956.98941242332	1970.80700496813	2037.06867862011	1990.69485739083	2007.87970098633	2103.7246763314	1989.29449427716	1970.07027695326	1861.28488888281	1902.78290275637	1949.84644368647	1927.56840538452	1957.5542211995	1985.19032406515	883.568636316232	2002.24206011473	1972.33651353059	2006.13329196964	2221.27201671687	128.579740804542	1916.84299571293
2010.0643242962	1493.76980726602	1949.33471757809	1874.99879616941	2008.05701719636	1952.72904472756	1959.85001410542	1979.26033621164	2021.27252180203	2006.46090260535	1956.02195250517	122.796493741386	1991.57377650586	2069.35085475393	1751.69200779191	1894.49172458409	2358.00493044596	1897.71080220278	1448.66820183507	1918.93662714368	1978.00731425401	1887.58639421724	1921.27343669339	1806.67609127539	1878.48280750215	1959.50233267619	1972.33300520627	2042.13957846547	1993.37935041134	2023.57171208594	2141.66269510271	1990.88530386532	1972.19717118763	1863.55368889162	1911.23263368726	1960.27512253411	1938.33208700691	1972.45880043784	1995.45420111003	1324.39876889238	2005.8848783681	1979.41331996264	2007.67185696046	2224.23597068345	595.603902157449	1917.36224547756
2010.27011180834	1679.09071846399	1955.50643421854	1876.29993271729	2020.48828771472	1955.55201951415	1960.27553852154	1984.83441361657	2032.27154292891	2009.58455094158	1960.05320201669	134.097237471481	1995.52141264862	2081.9931846136	1756.02969605458	1895.4722113026	2363.06097151669	1901.03002637618	1555.69802223085	1971.32477261764	1982.39734539682	1888.56614870446	1924.03106249538	1812.1643388229	1882.58091867175	1962.01521615059	1973.85885848435	2047.2098342016	1996.0644171404	2039.25647414277	2179.57020618032	1992.47617976346	1974.32406703738	1871.09329362868	1919.68024817696	1970.70408534135	1949.09213911603	1987.3579093081	2005.71532722724	1750.13527079091	2009.52769624148	1986.49025753161	2009.21042183809	2227.19992901434	1162.61430292943	1917.88149536917
2010.47589932047	1814.92406284771	1961.67773979894	1877.60097979322	2037.83954567963	1958.37443539107	1960.70106305097	1990.40621948513	2042.66229379183	2012.70881325104	1964.08435819054	145.393578523559	1996.85115895291	2094.6395042943	1760.36890053935	1896.45272502089	2368.11736142666	1904.34856862431	1661.72554619806	2023.4792333856	1986.78820217809	1889.545935509	1926.7892530239	1817.65353037645	1886.67762348191	1964.52806283582	1975.3845647476	2052.27944423344	1998.75005729589	2054.9339710037	2217.44703400508	1994.06712195763	1976.45096450414	1879.1452189884	1928.12574370593	1981.13333177005	1959.8485561038	2002.25153683228	2015.97369850034	1949.75737640551	2013.17051373494	1993.5673261278	2010.7489866029	2230.1638917079	1704.57318081596	1918.40074538879
2010.68168683261	1821.25149329713	1967.84863399359	1878.90193737837	2078.76428635111	1961.19629202578	1961.12658769965	1995.97575161408	2052.67829143652	2015.83368922599	1968.11542023025	388.163253706056	1998.00273061864	2107.28980705635	1764.70962008231	1897.43326573376	2373.17409995641	1907.66642858251	1766.73105752217	2075.39774267999	1991.17988346405	1890.52575462651	1929.54800795836	1823.14366522182	1890.77292088214	1967.04087272099	1976.9101239424	2057.34840696702	2001.43627059663	2070.60418650524	2255.29300276209	1995.65813043404	1978.57786358557	1887.19549202529	1936.5691177538	1991.56286148149	1970.60133235968	2013.37018951365	2026.2293110114	1959.19038321333	2016.81333084817	2000.64452564139	2012.28755125397	2233.12785876283	1959.90343852193	1918.91999553699
2010.88747434474	1827.57728653722	1974.01911647687	1880.20280545439	2119.72907098249	1964.01758908499	1961.55211246558	2001.54300779782	2062.69322454125	2018.95917855706	1972.14638733854	851.164588950974	1999.15441190154	2119.94408616245	1769.05185350026	1898.41383343406	2378.23118688662	1910.98360588547	1870.69462145753	2127.07802125415	1995.57238812135	1891.50560605241	1932.3073269777	1828.63474264627	1894.86680982134	1969.55364579549	1978.43553601607	2062.41672080867	2004.12305676148	2086.26710447362	2293.10793637799	1997.24920517889	1980.7047642816	1895.24411098106	1945.01036779913	2001.99267413738	1981.35046227035	2020.47337684566	2036.48216084118	1968.62335989254	2020.45614758092	2007.72185596249	2013.82611579223	2236.0918301775	2037.52998982349	1919.43924581196
2011.09326185688	1833.90144102166	1980.18918692293	1881.50358400283	2160.73367444357	1966.83832623512	1961.97763734902	2007.10798583011	2072.70709177221	2022.0852809354	1976.17725871867	1299.74857936517	2000.30620278359	2132.60233487779	1773.39559961152	1899.3944281159	2383.28862199793	1914.30010016898	1886.30230722477	2178.51777748293	1999.96571501632	1892.48548978219	1935.06720976193	1834.12676193671	1898.95928924826	1972.51217530009	1979.96080091436	2067.48438416466	2006.81041550841	2101.92270872454	2330.89165851754	1998.84034617831	1982.83166659228	1903.29107409755	1953.44949131981	2012.42276939922	1992.09594021984	2027.58071382348	2046.7322440689	1978.05630640714	2024.09896393326	2014.79931698134	2015.36468021688	2239.05580595046	2115.2072393241	1919.95849621546
2011.29904936901	1840.22395520753	1986.35884500617	1882.80427300494	2201.77787189429	1969.6585031427	1962.40316234822	2012.67068350325	2082.71989179536	2025.21199605332	1980.20803357347	1732.68434652613	2001.45810323803	2145.26454647002	1777.74085723412	1900.37504977356	2388.34640507101	1917.61591106734	1891.00463318138	2229.71470747202	2004.35986301551	1893.46540581022	1937.82765599063	1839.61972238039	1903.05035811099	1980.0687599956	1981.48591858356	2072.55139544083	2009.49834655708	2117.57098306354	2368.64399258107	2000.43155341863	1984.95857051727	1911.33637961679	1961.88648579285	2022.8531469285	2002.8377605896	2034.69219499832	2056.97955677255	1987.48922272241	2027.74177990485	2021.87690858814	2040.52585994161	2242.01978608044	2192.93472393797	1920.47774674725
2011.50483688115	1846.54482755068	1992.52809040072	1884.10487244267	2242.86143878295	1975.9993405265	1962.82868746604	2018.2310986087	2092.73162327737	2028.33932360206	1984.23871110626	1978.05021185248	2002.6101132453	2168.14653544024	1782.08762518711	1901.35569839979	2393.40453588639	1920.93103821565	1895.70834380149	2258.16207888781	2008.75483098562	1894.44535413361	1940.58866534336	1845.1136232648	1907.14001535753	1987.62154400294	1983.01088897041	2077.6177530433	2012.18684962541	2133.21191128569	2406.36476170116	2002.02282688593	1987.08547605561	1919.38002577907	1970.32134869436	2033.28380638669	2013.57591775849	2041.80781492777	2067.22409502857	1996.92210880332	2031.38459549547	2028.95463067305	2066.38122207118	2244.9837705657	2239.07928024113	1920.99699740621
2011.71062439328	1852.86405650679	1998.69692278082	1885.40538229748	2283.98415084422	1985.7586287585	1963.25421270017	2023.78922893657	2102.74228488449	2031.4672632733	1988.2692905198	1988.22867686626	2003.76223277884	2192.74827917101	1786.43590228953	1902.33637398866	2398.46301422482	1924.2454812488	1900.41343803996	2265.23351080944	2013.15061779331	1901.82329264257	1946.53166775502	1850.6084638772	1911.22825993524	1999.10658934329	2064.48329897022	2082.68345537816	2014.87592443298	2148.84547717573	2444.05378873999	2003.61416656632	1989.21238320693	1927.42201082535	1978.75407749958	2043.71474743542	2024.3104061027	2048.92756817089	2077.4658549121	2011.51579334912	2035.02741070518	2036.03248312631	2092.24126661121	2247.94775940479	2253.82559624981	1921.51624819355
2011.91641190541	1859.18164053088	2004.86534182067	1886.7058025506	2325.1457840965	1995.51024181091	1971.37964830452	2029.34507227602	2112.75187528219	2034.59581475894	1992.29977101733	1998.40636093374	2037.67301927286	2217.34986139146	1790.78568736105	1903.31707653461	2403.52183986702	1927.55923980126	1905.11991485157	2272.30672737528	2017.54722230519	1917.77717445116	1956.49866663325	1856.10424350531	1915.31509079122	2059.71089199358	2226.52078165805	2087.74850085115	2017.56557069827	2164.47166450803	2481.71089628649	2005.20557244602	1991.33929197141	1935.46233299573	1987.1846696829	2054.14596973615	2035.04121999568	2056.05144929232	2087.70483249647	2068.52187750925	2038.67022553361	2043.11046583806	2118.10597858424	2250.91175259624	2268.55861123013	1922.03549910849
2012.12219941755	1865.49757807707	2011.03334719427	1888.00613318398	2366.34611483884	2005.25416598721	1986.02546670065	2034.89862641502	2122.76039313649	2037.72497775044	1996.94168813046	2008.58326311379	2157.69305148384	2241.95128162132	1795.13697922182	1904.29780603051	2408.58101259352	1930.87231350767	1909.82777319097	2279.38172682784	2021.94464338826	1933.7234484151	1966.45911680874	1861.60096143676	1919.40050687216	2120.37595016172	2390.22340792408	2092.81288786832	2020.25578814065	2180.09045704651	2519.3359066534	2006.7970445111	1993.46620234873	1943.50099053012	1995.61312271788	2064.57747295038	2045.76835380837	2063.17945285903	2097.941023854	2125.60262713598	2042.31303998059	2050.18857869858	2143.97534301523	2275.27838601909	2283.27829268327	1922.55475015174
2012.32798692968	1871.81186759951	2017.20093857587	1889.30637417882	2407.58491964859	2014.99038757764	2000.65416933587	2040.4498891405	2132.76783711272	2040.85475194003	2002.67066884169	2018.75938246656	2278.20985580129	2266.55253938092	1799.48977669216	1905.27856247056	2413.64053218525	1934.18470200268	1914.53701201271	2286.45850740616	2026.34287990927	1949.66209745164	1976.41300739886	1867.09861695962	1923.48450712439	2181.10130676427	2555.54651722455	2097.8766148353	2022.94657647907	2195.7018385448	2556.92864187492	2008.38858274806	1995.59311433769	1951.53798166745	2004.03943407723	2075.00925673973	2056.49180190905	2070.31157344191	2108.1744250555	2182.75609020465	2045.95585404613	2057.26682159795	2169.84934493186	2313.03490881829	2297.98460807059	1923.07400132249
2012.53377444182	1878.12450755142	2023.3681156394	1890.60652551671	2448.8619753781	2024.71889285978	2015.26571045823	2045.99885823817	2142.77420587628	2043.98513701957	2008.40015896783	2028.93471805107	2399.2149918066	2291.1536341902	1828.50150541341	1906.25934584835	2418.70039842285	1937.49640492053	1919.24763027319	2293.53706735214	2030.7419307352	1965.59310446695	1986.36032751339	1872.59720936183	1931.63583342095	2241.88650517264	2711.92023662542	2102.93968015786	2025.63793543266	2211.30579274613	2594.48892370367	2017.86693568797	1997.72002793842	1959.57330464687	2012.46360123274	2085.44132076565	2067.21155866332	2077.44780561516	2118.40503217014	2239.98031552978	2049.59866773002	2064.34519442634	2195.72796936392	2350.85934105994	2312.67752481323	1933.47259324628
2012.73956195395	1884.43549638573	2040.47496197494	1891.90658717923	2490.17705915193	2034.439668099	2029.86004425302	2053.00729111668	2152.77949809212	2047.11613268109	2032.53040533555	2039.10926892676	2520.70006313556	2315.75456556925	2012.79131739196	1907.24015615817	2423.76061108701	1940.80742189566	1923.95962692777	2300.61740490657	2035.14179473299	1981.51645235614	1996.30106625268	1878.09673793184	1941.20271107646	2302.73108919477	2712.76857354191	2108.00208224204	2028.32986472081	2225.62163356161	2632.0165736085	2030.21894088489	1999.84694315094	1967.60695770685	2020.8856216554	2095.87366468966	2077.92761843416	2084.58814395682	2128.63284126592	2297.27335256196	2061.80122941493	2071.42369707407	2221.61120134328	2388.75129386753	2327.35701029275	1954.82162735191
2012.94534946609	1890.74483255466	2063.8030364094	1893.20655914779	2531.52994836343	2044.15269954765	2044.43712484123	2107.61260582988	2162.78371242524	2050.24773861668	2093.80046132615	2049.28303415265	2642.65671767644	2346.03437654829	2199.60149615962	1908.22099339288	2428.8211699586	1944.11775256225	1931.48491823664	2307.6995183119	2039.54247076959	1997.43212400368	2006.23521270817	1883.59720195762	1950.76972174829	2363.63460305521	2713.61695461363	2113.06381949304	2033.01067647906	2238.72543109278	2669.51141277157	2042.58338450142	2001.97385997396	1975.63893908543	2033.3755448677	2106.3062881733	2088.63997558192	2091.73258304844	2138.85784840917	2354.63325118108	2084.47148432696	2082.00344240694	2247.49902590348	2426.71037926169	2342.02303185081	1976.13575214559
2013.15113697822	1897.05251451006	2087.08720292751	1894.50644140393	2572.92042067182	2053.85797344569	2058.99690628077	2145.82085356119	2172.7868475404	2053.37995451868	2155.10010604727	2059.45601278805	2765.07664762515	2459.94156468105	2388.84941759794	1909.20185754678	2433.88207481826	1947.42739655459	1965.72646855879	2314.7834058101	2054.57131652696	2013.34010228311	2016.16275596282	1906.73710073278	1960.33685455451	2424.59659137602	2714.46537972192	2118.12489031684	2046.97455941084	2251.84338836563	2706.97326208627	2054.96023834312	2004.1007784079	1983.6692470202	2047.69427678348	2116.73919087803	2099.34862446434	2098.88111747514	2149.08004966499	2412.05806148849	2107.1003883779	2105.28149748863	2273.39142807977	2464.73621016561	2356.67555678951	1997.41481604031
2013.35692449036	1910.30372398341	2110.32727345512	1895.80623392931	2647.75461598246	2063.55547602079	2073.53934256607	2209.24144389093	2182.78890210189	2058.28591072703	2216.42912364725	2069.6282038918	2946.44785384236	2504.39839888583	2456.2375179546	1910.18274861379	2438.94332544693	1950.73635350669	1999.99793282559	2321.86906564475	2070.65231291564	2029.24037005712	2026.08368509018	1936.44447695886	1969.90409861355	2485.61659915582	2726.00730032088	2125.51271047999	2060.93188794589	2264.97547084171	2744.40194215448	2067.3494742477	2006.22769845182	1991.69787974841	2062.0298856095	2127.17237246534	2110.05355943645	2106.03374182553	2159.2994410969	2469.54583359517	2129.68776982039	2128.60035646834	2299.28839290856	2502.8284004099	2371.3145523714	2018.65866721996
2013.56271200249	1952.95359303952	2133.52305950389	1908.71810113072	2791.42791236753	2073.24519348766	2088.06438762875	2211.56497065313	2192.78987477416	2075.90125141735	2277.78729834779	2079.79960652283	3155.52611471312	2505.66805103956	2518.99437190796	1911.16366658702	2444.00492162529	1954.04462305229	2034.29917583	2328.95649605904	2086.75466290755	2045.13291017759	2035.99798915509	1966.08980760787	1979.47144304344	2546.69417174959	3186.91978049158	2152.05494182881	2074.88264922605	2278.1216440255	2776.68841581394	2079.75106408498	2008.35462010564	1999.72483550686	2076.38232435083	2137.60583259673	2120.75477485075	2113.19045069194	2169.51601876702	2527.09461740855	2152.23345653932	2151.95984672962	2325.18990542733	2540.98656473727	2385.93998581945	2039.86715363956
2013.76849951462	1995.45445379835	2156.67437217197	1984.5480076637	2933.81495541002	2082.9271120487	2102.57199533733	2213.88883783681	2202.78976422117	2093.54025823288	2339.17441442548	2089.97021973998	3362.8550734287	2506.93778606013	2581.93475251273	1912.14461146088	2449.06686313425	1966.02850038984	2068.63006249872	2337.00473603999	2102.87830220187	2064.71346201148	2045.90565721361	1995.67277826361	1989.03887696201	2607.82885484651	3944.10826237152	2178.57872979362	2088.82683038653	2291.28187346226	2796.90580786259	2092.16497975661	2015.57984073285	2007.75011253194	2090.75154606981	2146.42372942775	2139.75411755102	2120.35123867013	2179.72977873602	2584.70246241564	2174.7372760528	2175.35979606259	2351.09595067443	2579.21031880688	2400.5518243173	2061.04012302605
2013.97428702676	2037.80512565602	2179.78102214598	2060.09846050327	3074.88071014816	2092.60121789382	2120.85801579533	2216.21298263877	2212.7885691068	2111.20285800507	2400.59025619481	2117.93314917138	3534.8811468868	2508.20760391718	2645.05681008684	1913.12558322851	2454.1291497546	2024.57743699825	2102.99045789274	2365.99107844536	2119.02316659216	2089.84430769897	2055.8066783128	2025.19307369744	1998.60638948702	2669.02019444863	4701.82643774246	2205.08384529434	2102.76441855453	2304.456124739	2817.15649313071	2104.59119319654	2042.89946552174	2015.77370905964	2105.13750388559	2154.63214250246	2162.01885375902	2127.51610035955	2195.64179496237	2603.6567725542	2197.1990555136	2198.80003266599	2377.00651368884	2617.49927919868	2415.15003500925	2082.17742287893
2014.18007453889	2037.80512565602	2179.78102214598	2060.09846050327	3214.58967395331	2092.60121789382	2172.750634895	2607.62815506817	2222.78628809464	2128.88897767777	2462.0346079896	2210.25153045179	3606.01943040898	2555.8155516342	2708.35870351089	1914.10658188429	2459.19178126721	2094.98271805491	2137.38022720621	2481.95537129655	2135.18919196632	2114.92458200198	2055.8066783128	2025.19307369744	2008.17396973581	2730.26773684772	5456.23706213849	2205.08384529434	2195.57578370959	2317.64436348467	2837.44034794061	2117.02967637087	2226.86299640464	2023.79562332533	2119.54015097519	2162.84583081353	2184.32427921326	2134.68503036309	2399.93359342855	2616.57806612088	2197.1990555136	2222.2803851474	2402.92157950977	2655.85306341698	2429.73458500042	2082.17742287893
2014.38586205103	2037.80512565602	2179.78102214598	2060.09846050327	3352.90587855255	2134.77003443518	2315.09475894494	3208.79114114892	2232.78291984817	2146.5985443104	2523.50725414573	2402.60289872527	3676.95022435225	2629.36186997838	2771.83860024537	1915.08760742181	2464.25475745295	2165.78494713356	2158.02355321486	2595.91591758499	2151.37631430701	2139.95405727617	2055.8066783128	2025.19307369744	2017.7416068256	2776.3511623974	6203.30076868122	2231.46506692389	2311.30318653865	2330.84655536948	2857.75724884609	2138.86431330137	2566.4409318584	2031.81585356428	2133.95944057282	2171.06478634264	2206.6702250629	2141.85802328756	2808.30607681367	2629.51039874742	2197.1990555136	2245.80068252436	2428.84113317667	2694.27128989432	2444.30544135685	2082.17742287893
2014.59164956316	2037.80512565602	2179.78102214598	2060.09846050327	3471.38358507714	2167.21768353276	2458.60226540698	3853.35234402025	2242.77846303049	2164.33148507801	2585.00797898225	2672.11555847222	3747.66996692438	2775.97473447512	2835.49467634148	1916.0686598347	2469.3180780927	2236.97901326117	2182.93791816405	2719.31510893551	2194.89543941772	2164.93250533218	2055.8066783128	2025.19307369744	2027.30928987307	2778.15305397701	6938.67658760326	2348.10383810526	2427.7267160826	2344.06266610577	2878.10707263105	2467.28108000239	2775.34089927292	2206.44144766283	2176.59038991826	2179.28900107794	2229.0565228025	2149.035073743	2863.58936115514	2645.26598287622	2207.75863615895	2269.36075422454	2454.76515972873	2732.75357799458	2458.86257110544	2082.17742287893
2014.7974370753	2037.80512565602	2187.2929293855	2060.09846050327	3473.77380625556	2212.70125264133	2603.24567112641	4497.99818014307	2252.77291630459	2190.02631202141	2646.5365667837	2943.70915096386	3818.17508338609	3562.47878239824	3021.21269372216	1917.0497391166	2474.38174296729	2308.55983863475	2237.53589279685	2843.49700061953	2259.8788337962	2189.85969743812	2055.8066783128	2025.19307369744	2036.87700799488	2779.95477353459	7657.6158196917	2465.79630010374	2544.82635401893	2357.29266144754	2898.4896963119	2936.30442551916	2777.01912341273	2530.79806623876	2295.42460614285	2187.51846701455	2251.48300427262	2156.21617634322	2918.65546736196	2668.30633026507	2248.95815630706	2758.7360064613	2480.6936442049	2771.29954801636	2473.40594123431	2082.17742287893
2015.00322458743	2037.80512565602	2261.06501349212	2060.09846050327	3476.16443752307	2315.29595529348	2748.99783603342	5140.66040886539	2372.03468336418	2421.67645938605	2708.09280178097	3101.3772098716	3888.46198576486	3564.74763610633	3555.33095444619	1918.03084526142	2479.44575185778	2380.52237890069	2292.08452405781	2968.4462032972	2299.74792075224	2214.73540432132	2452.22966680049	2025.19307369744	2046.44475030705	2781.75632101406	8354.85137335386	2584.51810091903	2662.5821649345	2370.53650719073	2918.90499713714	3147.14565083057	2779.93852511395	2857.04189697157	2414.66375278493	2195.75317615382	2273.94950166119	2163.40132570559	2973.50227617797	2691.36166470073	2298.1205640601	3883.00237411684	2506.62657164337	2809.90882119546	2487.93551869261	2082.17742287893
2015.20901209956	2037.80512565602	2393.52018930635	2060.09846050327	3478.55547868564	2424.25510377378	2884.20877558559	5779.20044607391	2648.4522031601	2654.20125515683	2743.84339925461	3165.59152177973	3958.52707258451	3567.01628637198	3565.9680688554	1919.0119782628	2848.86153394358	2452.86162340383	2346.58345968571	3094.14747022278	2314.26533414482	2480.99566072459	2997.12711967638	2147.77991639711	2056.01250592507	2783.55769635233	9024.48805493771	2704.24512776155	2748.06917746564	2370.53650719073	2918.90499713714	3495.71561433925	3753.31420019949	2934.21926200265	2821.4051369114	2203.99312050333	2273.94950166119	2163.40132570559	3028.12765669922	2714.43186128691	2588.48093667959	5002.84361832256	2532.56392708159	2865.60671061971	2502.45127039082	2082.17742287893
2015.4147996117	2037.80512565602	2526.86889164544	2060.09846050327	3480.94692955353	2533.60223515638	3016.76325187172	6411.37118892597	2845.26844376592	2887.57572305644	2835.00386954961	3229.70074719835	4028.36672860825	3569.2847330887	3576.60901212728	1919.99313811464	3067.4761292486	2525.57259540557	2401.03234696912	3220.58569849501	2333.44481777393	2957.97575380257	3423.25940392031	2400.99255099082	2065.58026396419	2785.35889948733	9659.90477941304	2800.18488151723	2760.40546249406	2370.53650719073	2918.90499713714	3802.83782666353	5460.81710325059	3010.16279574945	3497.7942337726	2211.88865999018	2273.94950166119	2163.40132570559	3082.5294664403	2737.5167951824	2875.55109319187	6106.79513522648	2558.5056955559	2968.44792871432	2516.9531632009	2416.32978189376
2015.62058712383	2221.74564861082	2661.08469226885	2125.45035399311	3483.33878993475	2643.33119372358	3251.55752536758	7034.77683926016	3715.21942398607	3113.43736498342	2961.55146368265	3293.70274713268	4097.97732459697	3622.67893602407	3594.58988738633	1920.97432481083	3289.46614272738	2598.65035227261	2666.7327803718	3808.97128335179	2449.67812740264	3410.65864441203	3810.68004891981	2655.95781980272	2334.86744882624	2796.94440535147	10253.68772645	2809.45015550475	3027.3220858075	2370.53650719073	2918.90499713714	3847.44334659738	7126.24119919782	3012.70542660868	3586.03481190753	2243.01145449611	2273.94950166119	2230.63368466688	3136.70555140528	2760.61634159875	3074.20847379282	7182.19340060541	2580.44522253213	8859.49008223667	2531.44116395618	2640.6917009763
2015.82637463597	2361.29984642694	2691.67416563592	3119.56418436566	3485.73105964314	2719.39709289077	3330.02026324719	7646.83071734005	3992.1515624694	3135.01497171285	3094.87078176797	3357.59537714381	4167.35521708287	3696.00811627817	3675.95241512686	1921.9555383449	3419.33792112904	3516.19417862421	2784.24141236747	4058.46680424336	2674.10574302731	3643.24856360838	4088.03394651957	3610.57674565591	3483.13897633094	3433.12517966017	10596.0569713416	4027.8422766589	3346.41501629316	2370.53650719073	3114.78793848283	3883.81933138732	8701.17070221928	3038.85424299902	3718.98291448438	2339.77261925002	2686.36714333763	2339.04713618378	3190.6537461665	2917.33084684668	3078.95690158269	8214.499866007	3439.54988122321	10857.5774782273	2545.91523945159	2705.07916548567
2016.0321621481	2392.6364741719	2703.08732644357	3307.02580572012	3520.56295391375	2781.81741196041	3408.0684605808	8244.71150283681	4508.36640088691	3202.32209783252	3227.40610994814	3421.37648708931	4236.49674815772	3769.2460656581	3757.12621142428	1922.93677871064	3471.59547505668	5350.23283365958	2902.5150390415	5685.18286400196	2694.0859788987	3729.44296037248	4218.62851961546	3656.26089273217	3518.29846394679	5656.72923258849	10645.1966040162	4063.09735733372	3634.85696981945	2389.69588448249	4758.62724059109	3919.20824572423	10124.1903480022	3153.71277711092	3851.74490884304	2436.3424152751	4135.12289581357	2489.02823865307	3244.37187394797	2931.88910057372	4329.1531942551	9186.59687812916	3446.91997916517	10903.4111893381	2560.37535644374	2769.63067337824
2016.23794966024	2495.69690652384	2714.4973862611	3863.04995852022	3560.30807657541	2844.35435720147	3485.69612625513	8825.31905889945	5025.04331442893	3781.391623926	3359.01816959645	3491.81483253887	4305.3982452778	4667.79807861493	3838.10667838243	1923.91804590184	3742.11504321497	7067.97222652085	3694.08328900843	7221.29321543063	2714.05663198778	3815.42740806001	4565.1352702124	3701.92076919479	3553.54167563404	10334.4511286305	10694.265591571	4098.37317530949	3729.20217734222	2450.65129086801	6361.19319494553	3954.63980682807	10572.8277609201	3268.9440165493	4406.69388703201	2549.36018539328	5568.4386061758	2636.64224628667	3297.85774671661	2946.43319846368	5710.44434495059	10078.1555211847	3454.28599944581	10949.1860666805	2574.82148165113	2834.3445952239
2016.44373717237	2598.53320614701	3689.46304513821	4757.93208306526	3600.10107918318	2907.00582457622	3565.7920942543	9385.23208377887	5541.11646918988	3823.19012472109	3476.09360685216	3568.0805876039	4374.05602108377	5748.09665232945	3918.88920272343	1969.62510545259	3792.45793471749	8602.50040352171	4484.21166528055	8615.03331172968	2734.01760009737	3901.196471665	5110.5587513743	3747.55622081683	3588.86807086207	10578.414972096	10743.2633446787	4133.66962429332	3823.31060247379	2499.60203677264	7878.83287890525	3990.11354520257	10625.7565334926	3384.53496442211	5063.21160294498	2700.4973414783	6960.03207888667	2644.82602912613	3351.10916527892	2960.96310674489	7053.69953474634	10350.4066951849	3461.6479364718	10994.9016582088	2736.30315103846	2902.51545735252
2016.64952468451	2701.13622515858	5591.29400745517	5644.03558709316	3639.94131225412	2969.7697147309	3647.97587102509	9920.67138940553	6055.49863178533	3864.87054306108	3489.33018182126	3612.02910421597	4443.51939576362	6795.27545887025	4304.93960301683	2112.46624548057	3842.72470399999	9705.59400823741	5259.01461409713	9804.88185370543	2909.30598289794	3986.74469659621	5647.58851799644	3798.65386537607	3700.76732071143	10633.3664187815	10792.1892723056	4168.98659809142	3917.17516976642	3392.71704162173	9257.244868618	4025.62899174781	10678.6097441741	3500.47266957559	5719.0363314494	2852.7326766395	8278.84984639286	10300.4728097133	3394.80558959732	10613.5602629842	8331.5326265613	10405.7781422701	3817.02484872094	11040.5575107212	2900.33255287269	3005.33271110171
2016.85531219664	3624.4553296382	7439.2292341993	6512.73829240397	3838.83268388702	5892.888580146	3730.08402474328	10427.4746819375	6567.06883000915	3906.43197893396	3502.55371720783	3679.88090146086	4646.31308293679	7796.27513757084	5245.74698381527	2253.89726251409	3933.42712952421	9765.73856650287	6013.9138773939	9873.54492422788	3162.56026069535	4072.06660759143	6174.67966796519	3904.56606355855	4601.33683059078	10688.234652824	10841.0427816968	4204.32399060663	4010.78877776171	3399.89742589933	10062.248127824	4061.18567774547	10731.3867206673	4078.54019693815	6371.68741663472	3003.60761944357	9486.56622836101	10359.8615087377	3412.59115130117	10674.7549732518	9510.48451578221	10461.0619708902	4885.8051512318	11086.1531698488	2965.2147976198	3107.80753284852
2017.06109970877	5529.46783992803	9157.12801252332	7354.43784128124	4564.42835158497	10484.2122383185	3812.11188457568	10697.7405783194	7074.65952970845	6560.94440008709	3574.85964399017	3819.40769428902	4796.10751971355	8736.48015557809	6164.84615556456	4839.3126148311	4050.72235965951	9825.98074087617	6744.00342519987	9934.14598440061	3371.11478637389	4157.15670765764	6690.20880670516	4027.24636693542	5501.58774926316	10743.0189067484	10889.8232783614	4239.68169583635	4104.14429721716	3407.07893044447	10122.3765099655	8319.30275576231	10784.086788737	5286.71009144411	7018.56315390555	3152.6217882812	10014.5777349402	10419.140185088	3963.88212951375	10735.8507686648	10251.0986616713	10516.2573651556	5941.85617661541	11131.6881800458	3337.79103430375	3209.93019584948
2017.26688722091	7366.05789680164	10480.4485629643	8158.26015450853	5285.83075784936	10556.634048522	4430.88182106488	10760.5165544535	7577.04328217677	9364.03541263136	3929.70972642844	3975.43277522328	4808.25389946689	9599.41672707436	7054.65063015902	7688.55581071654	4204.74288062499	9886.31970592746	7443.97075343275	9994.85293914327	3688.17386496785	4242.00947703532	7192.46120021202	4149.43035149282	6395.45745329949	10797.7184107408	10938.5301660578	7350.06655979525	4197.23456937153	3414.26155412753	10182.3543372015	10686.2257420851	10836.709272187	6479.40202130737	7656.89267239993	3299.72398116948	10083.9413376499	10478.3077346904	4704.80781826699	10796.8466335915	10320.6468620461	10571.3635065935	6974.26092784897	11177.1620845794	4707.05993261433	3311.69092215469
2017.47267473304	9059.18317329452	10556.6932465168	8911.79845820786	5999.90799417198	10628.9095902326	10039.0977748996	10823.2535806763	8072.91884203167	11027.4629787162	5154.70443077326	4130.79413599267	4836.23268538698	10366.7175106782	7906.88691411011	8599.67806675846	4446.08371479002	9946.75463804435	8108.03688680066	10055.6648706756	4438.35171319623	4326.61937218963	7679.61975003235	5310.77870871848	7276.4779783925	10852.3323926228	10987.1628467806	10167.9569395599	4290.05240425246	3443.6609735537	10242.180061942	10759.1554185287	10889.2534928393	7640.62687920818	8283.68511583913	3363.1786234078	10153.1715458283	10537.3630494208	5440.0623065228	10857.7415490854	10390.0629624872	10626.3795741213	7970.63453096633	11222.5744255206	6068.03342753111	3413.07988016741
2017.67846224518	10103.8711489831	10632.7777934866	9236.54237035792	6703.3030083448	10701.0370763386	11103.7770908612	10885.9512698832	8560.896827889	11079.242942484	6355.83876629196	4285.45899606206	5088.31802149303	10620.8236200587	8712.42054399165	8673.46882978568	4685.53363017497	10007.2847154175	8729.92724879196	10116.5808634408	5838.85965015202	5221.21220765394	8149.7565852728	6499.35714088378	8137.55008569953	10906.8600778255	11035.7207207466	10440.8165141549	5312.82884842776	3650.93972942808	10301.8521292932	10831.9325732804	10941.7187705131	8751.90098647851	8895.67679580817	5591.25263205646	10222.266804776	10596.3050170681	6166.21554451597	10918.53449284	10459.345422457	10681.3047440203	8916.56029537545	11267.9247437345	7396.97156813391	3514.08718228645
2017.88424975731	10193.7368104805	10708.7001561322	9321.27649946858	7392.35760538048	10773.0147124333	11192.7676732107	10948.6092344123	9039.48510570545	11131.1226826187	7515.95825486453	4439.3943470562	6790.54795261501	10704.0022701102	9461.14455156468	8747.38706806354	5588.57147412845	10067.9091180264	9302.89072824823	10177.6000040941	7173.14313412119	6212.68313136374	8600.82834060659	7648.33788661359	8970.7018984956	10961.3006893659	11084.2031863834	10496.1249956673	10955.0288466775	3650.93972942808	10361.3689770366	10904.5553444492	10994.104423005	9791.20440511546	9489.27796397692	7760.57186995025	10291.2255537604	10655.1325213013	6879.56175321129	10979.224439145	10528.4926955244	10736.1381899118	9795.05513177734	11313.2125788724	8666.34093800513	3614.7028826376
2018.09003726945	10283.3975150983	10784.4582780595	9405.77001597655	8063.03284048289	10844.8406967115	11281.5234322935	11011.2270860082	9507.07422746399	11183.1013817984	8615.10046763497	7812.03970969539	8403.72491077325	10787.366000841	10141.9782243588	8821.43146072745	7236.71088826539	10128.6270276225	9766.42694326658	10238.7213814884	8411.86974900791	7169.84932648601	9030.67648008979	8737.99591713732	9766.84157136149	11015.6534478231	11132.6096403159	10551.3767347112	11451.5451205692	3650.93972942808	10420.7290356104	10977.0218623804	11046.4097660693	10732.066230769	10060.5223506226	9733.88355735067	10360.0462259325	10713.8444416363	7576.03327203168	11039.8103588444	10597.5032292813	10790.8790827331	10370.8028209973	11358.4374693621	9842.76280045402	8441.11135274119
2018.29582478158	10372.8501979275	10860.0500940918	9490.01949111562	8710.82832680307	10916.5132198718	11370.0408503514	11073.8044357874	9961.92346720289	11235.1782253188	9629.50189353242	10524.7333307269	9872.12031373856	10870.9126191044	10577.568851272	8895.6006900389	8754.88390528126	10189.4376277117	9885.11756193409	10299.9440866595	9520.97968348367	8082.2051500996	9437.03430070342	9744.72575222782	10515.5290156577	11069.9175713163	11180.9394773563	10606.5712526558	11557.267024594	5727.08316163164	10479.930728097	11049.3302495561	11098.6341134002	10956.7621992092	10605.024779157	10702.14297705	10428.7272482491	10772.4396534072	8251.11146027944	11100.291219296	10666.3754652628	10845.5265907153	10486.4924134098	11403.5989524009	10704.7701550779	10314.6437570217
2018.50161229372	10462.091779806	10935.4735301448	9574.02147723357	9330.70583021491	10988.0304650217	11458.3163909792	11136.3408942018	10402.1482723061	11287.3524010863	10349.3569272019	10661.2586896415	11125.9418262008	10954.6399385208	10706.5599431731	8969.8934413265	10083.7705693869	10250.3401035354	10004.1703180845	10361.2672128084	10291.404622943	8938.03589456373	9817.54245003273	10368.6853773879	11175.0916976454	11124.0922754832	11229.192090492	10661.7080699354	11662.6703878589	8423.37500808881	10538.9724702116	11121.4786204984	11150.7767766133	11078.357157191	11117.9550480522	10825.836185174	10497.2670413966	10830.9170277372	8899.73886633175	11160.6659843327	10735.1078388713	10900.0798793614	10601.7702538513	11448.6965639471	10834.0280553077	10434.6798346124
2018.70739980585	10551.1191670221	11010.7265031104	9657.77250761798	9917.02676736586	11059.3906075907	11546.346498858	11198.8360710049	10825.7102962664	11339.6230996104	10503.3721096965	10798.2803195028	11222.7513005428	11038.5457793918	10836.0420333834	9044.30840292453	10725.7900373732	10311.3336420497	10123.5792159903	10422.6898552828	10445.2603013848	9724.27143212417	10135.7091327371	10503.553252274	11333.6533299948	11178.1767734597	11277.3668708763	10716.7867060281	11767.7496015912	10295.66850034	10597.8526702961	11193.4650816811	11202.8370652294	11199.5235301706	11480.1070350424	10949.0430251652	10565.6640197212	10889.2754315131	9516.24093020471	11220.9336142254	10803.6987793043	10954.538111427	10716.6283078891	11493.7298387128	10963.001450668	10554.3220775299
2018.91318731798	10639.929251033	11085.8069207461	9741.26909634006	10456.1199288047	11130.5918152467	11634.1275995059	11261.2895752165	11230.4115946508	11391.9895139963	10655.9157843308	10935.7886854643	11318.8985166318	11122.6279686059	10966.0060098063	9118.84426610692	10903.0737274813	10372.4174319034	10243.3382839435	10484.2111115566	10599.7674072077	10426.5344994886	10326.9132632653	10638.0429850648	11491.5432938016	11232.1702758603	11325.4632078182	10771.8066794348	11872.4990230469	10483.3070490011	10656.5697293167	11265.2877314454	11254.8142866578	11320.2526332604	11660.1581627166	11071.7534316671	10633.9165911619	10947.5137273615	10094.2713124564	11281.0930656482	10872.1467094866	11008.9004469002	10831.0584838814	11538.6983101568	11091.6843697011	10673.5626828368
2019.11897483012	10728.5189081976	11160.7126815714	9824.50773811777	10711.0756730602	11201.632247818	11721.6560990508	11323.7010150881	11608.3173102802	11444.450839934	10806.9474947775	11073.7742989081	11414.3719076795	11206.8843395322	11096.4428084466	9193.49972501745	11081.2147093205	10433.5906634148	10363.4415737451	10545.8300812073	10754.9116627916	10720.3671884487	10519.0784011275	10772.1463858455	11648.7438584789	11286.0719907601	11373.4804887734	10826.7675076585	11976.9129749027	10669.9674450194	10715.1220408651	11336.9446599213	11306.7077461807	11440.5357200045	11839.2725190488	11193.9572617233	10702.0231571867	11005.6307736267	10483.571915454	11341.1432916443	10940.4500460061	11063.1660429843	10945.0526320523	11583.6015104778	11220.0708115044	10792.3937962132
2019.32476234225	10816.8849995277	11235.4416747733	9907.48490819949	10964.1896185003	11272.5100572222	11808.9283840227	11386.0699980688	11920.8999305	11497.006275689	10956.4261200628	11212.2277164127	11509.1597870699	11291.3127319065	11227.3434127809	9268.27347659719	11260.1912189889	10494.8525285471	10483.8831601176	10607.5458658928	10910.6788726318	10972.1773535117	10712.1785801232	10905.8552164388	11805.237139248	11339.8811236772	11421.4180993359	10881.6687071839	12080.9857447016	10855.6191773087	10773.5079911641	11408.4339489569	11358.5167469393	11560.363981202	12017.4220748672	11315.644293644	10769.9821127356	11063.6254243513	10763.7709640423	11401.083241595	11008.6071990539	11117.3340540809	11058.6025436718	11628.4389706084	11348.1547440041	10910.8075108451
2019.53054985439	10905.0243704529	11309.9917801161	9990.19706226665	11215.383419871	11343.2233873988	11895.9408211676	11448.3961307703	12231.0735837649	11549.6550220902	11104.3098788219	11351.1395385272	11603.2503490831	11375.910991706	11358.6988529597	9343.16422050685	11439.9816353814	10556.202220882	10604.6571400398	10669.3575693255	11067.0549213862	11225.7909234471	10906.1880057129	11039.1611883496	11961.0050925713	11393.5968775565	11469.2754232302	10936.5097934576	12184.7115843498	11040.2314091669	10831.7259590769	11479.7536720511	11410.2405899191	11679.7285438533	12194.5785060815	11436.8042260382	10837.7918461647	11121.4965292584	11041.6027170502	11460.9118611894	11076.6165723686	11171.4036317741	11171.6999503421	11673.2102202084	11475.930102284	11028.7958664113
2019.73633736652	10905.0243704529	11309.9917801161	9990.19706226665	11215.383419871	11343.2233873988	11895.9408211676	11448.3961307703	12231.0735837649	11549.6550220902	11104.3098788219	11351.1395385272	11603.2503490831	11375.910991706	11358.6988529597	9343.16422050685	11439.9816353814	10556.202220882	10604.6571400398	10669.3575693255	11067.0549213862	11225.7909234471	10906.1880057129	11039.1611883496	11961.0050925713	11393.5968775565	11469.2754232302	10936.5097934576	12184.7115843498	11040.2314091669	10831.7259590769	11479.7536720511	11410.2405899191	11679.7285438533	12194.5785060815	11436.8042260382	10837.7918461647	11121.4965292584	11041.6027170502	11460.9118611894	11076.6165723686	11171.4036317741	11171.6999503421	11673.2102202084	11475.930102284	11028.7958664113
2019.94212487866	10905.0243704529	11309.9917801161	9990.19706226665	11215.383419871	11343.2233873988	11895.9408211676	11448.3961307703	12231.0735837649	11549.6550220902	11104.3098788219	11351.1395385272	11603.2503490831	11375.910991706	11358.6988529597	9343.16422050685	11439.9816353814	10556.202220882	10604.6571400398	10669.3575693255	11067.0549213862	11225.7909234471	10906.1880057129	11039.1611883496	11961.0050925713	11393.5968775565	11469.2754232302	10936.5097934576	12184.7115843498	11040.2314091669	10831.7259590769	11479.7536720511	11410.2405899191	11679.7285438533	12194.5785060815	11436.8042260382	10837.7918461647	11121.4965292584	11041.6027170502	11460.9118611894	11076.6165723686	11171.4036317741	11171.6999503421	11673.2102202084	11475.930102284	11028.7958664113
2020.14791239079	10905.0243704529	11309.9917801161	9990.19706226665	11215.383419871	11343.2233873988	11895.9408211676	11448.3961307703	12231.0735837649	11549.6550220902	11104.3098788219	11351.1395385272	11603.2503490831	11375.910991706	11358.6988529597	9343.16422050685	11439.9816353814	10556.202220882	10604.6571400398	10669.3575693255	11067.0549213862	11225.7909234471	10906.1880057129	11039.1611883496	11961.0050925713	11393.5968775565	11469.2754232302	10936.5097934576	12184.7115843498	11040.2314091669	10831.7259590769	11479.7536720511	11410.2405899191	11679.7285438533	12194.5785060815	11436.8042260382	10837.7918461647	11121.4965292584	11041.6027170502	11460.9118611894	11076.6165723686	11171.4036317741	11171.6999503421	11673.2102202084	11475.930102284	11028.7958664113
2020.35369990292	10905.0243704529	11309.9917801161	9990.19706226665	11215.383419871	11343.2233873988	11895.9408211676	11448.3961307703	12231.0735837649	11549.6550220902	11104.3098788219	11351.1395385272	11603.2503490831	11375.910991706	11358.6988529597	9343.16422050685	11439.9816353814	10556.202220882	10604.6571400398	10669.3575693255	11067.0549213862	11225.7909234471	10906.1880057129	11039.1611883496	11961.0050925713	11393.5968775565	11469.2754232302	10936.5097934576	12184.7115843498	11040.2314091669	10831.7259590769	11479.7536720511	11410.2405899191	11679.7285438533	12194.5785060815	11436.8042260382	10837.7918461647	11121.4965292584	11041.6027170502	11460.9118611894	11076.6165723686	11171.4036317741	11171.6999503421	11673.2102202084	11475.930102284	11028.7958664113
2020.55948741506	10905.0243704529	11309.9917801161	9990.19706226665	11215.383419871	11343.2233873988	11895.9408211676	11448.3961307703	12231.0735837649	11549.6550220902	11104.3098788219	11351.1395385272	11603.2503490831	11375.910991706	11358.6988529597	9343.16422050685	11439.9816353814	10556.202220882	10604.6571400398	10669.3575693255	11067.0549213862	11225.7909234471	10906.1880057129	11039.1611883496	11961.0050925713	11393.5968775565	11469.2754232302	10936.5097934576	12184.7115843498	11040.2314091669	10831.7259590769	11479.7536720511	11410.2405899191	11679.7285438533	12194.5785060815	11436.8042260382	10837.7918461647	11121.4965292584	11041.6027170502	11460.9118611894	11076.6165723686	11171.4036317741	11171.6999503421	11673.2102202084	11475.930102284	11028.7958664113
2020.76527492719	10905.0243704529	11309.9917801161	9990.19706226665	11215.383419871	11343.2233873988	11895.9408211676	11448.3961307703	12231.0735837649	11549.6550220902	11104.3098788219	11351.1395385272	11603.2503490831	11375.910991706	11358.6988529597	9343.16422050685	11439.9816353814	10556.202220882	10604.6571400398	10669.3575693255	11067.0549213862	11225.7909234471	10906.1880057129	11039.1611883496	11961.0050925713	11393.5968775565	11469.2754232302	10936.5097934576	12184.7115843498	11040.2314091669	10831.7259590769	11479.7536720511	11410.2405899191	11679.7285438533	12194.5785060815	11436.8042260382	10837.7918461647	11121.4965292584	11041.6027170502	11460.9118611894	11076.6165723686	11171.4036317741	11171.6999503421	11673.2102202084	11475.930102284	11028.7958664113
2020.97106243933	10905.0243704529	11309.9917801161	9990.19706226665	11215.383419871	11343.2233873988	11895.9408211676	11448.3961307703	12231.0735837649	11549.6550220902	11104.3098788219	11351.1395385272	11603.2503490831	11375.910991706	11358.6988529597	9343.16422050685	11439.9816353814	10556.202220882	10604.6571400398	10669.3575693255	11067.0549213862	11225.7909234471	10906.1880057129	11039.1611883496	11961.0050925713	11393.5968775565	11469.2754232302	10936.5097934576	12184.7115843498	11040.2314091669	10831.7259590769	11479.7536720511	11410.2405899191	11679.7285438533	12194.5785060815	11436.8042260382	10837.7918461647	11121.4965292584	11041.6027170502	11460.9118611894	11076.6165723686	11171.4036317741	11171.6999503421	11673.2102202084	11475.930102284	11028.7958664113
2021.17684995146	10905.0243704529	11309.9917801161	9990.19706226665	11215.383419871	11343.2233873988	11895.9408211676	11448.3961307703	12231.0735837649	11549.6550220902	11104.3098788219	11351.1395385272	11603.2503490831	11375.910991706	11358.6988529597	9343.16422050685	11439.9816353814	10556.202220882	10604.6571400398	10669.3575693255	11067.0549213862	11225.7909234471	10906.1880057129	11039.1611883496	11961.0050925713	11393.5968775565	11469.2754232302	10936.5097934576	12184.7115843498	11040.2314091669	10831.7259590769	11479.7536720511	11410.2405899191	11679.7285438533	12194.5785060815	11436.8042260382	10837.7918461647	11121.4965292584	11041.6027170502	11460.9118611894	11076.6165723686	11171.4036317741	11171.6999503421	11673.2102202084	11475.930102284	11028.7958664113
2021.3826374636	10905.0243704529	11309.9917801161	9990.19706226665	11215.383419871	11343.2233873988	11895.9408211676	11448.3961307703	12231.0735837649	11549.6550220902	11104.3098788219	11351.1395385272	11603.2503490831	11375.910991706	11358.6988529597	9343.16422050685	11439.9816353814	10556.202220882	10604.6571400398	10669.3575693255	11067.0549213862	11225.7909234471	10906.1880057129	11039.1611883496	11961.0050925713	11393.5968775565	11469.2754232302	10936.5097934576	12184.7115843498	11040.2314091669	10831.7259590769	11479.7536720511	11410.2405899191	11679.7285438533	12194.5785060815	11436.8042260382	10837.7918461647	11121.4965292584	11041.6027170502	11460.9118611894	11076.6165723686	11171.4036317741	11171.6999503421	11673.2102202084	11475.930102284	11028.7958664113
2021.58842497573	10905.0243704529	11309.9917801161	9990.19706226665	11215.383419871	11343.2233873988	11895.9408211676	11448.3961307703	12231.0735837649	11549.6550220902	11104.3098788219	11351.1395385272	11603.2503490831	11375.910991706	11358.6988529597	9343.16422050685	11439.9816353814	10556.202220882	10604.6571400398	10669.3575693255	11067.0549213862	11225.7909234471	10906.1880057129	11039.1611883496	11961.0050925713	11393.5968775565	11469.2754232302	10936.5097934576	12184.7115843498	11040.2314091669	10831.7259590769	11479.7536720511	11410.2405899191	11679.7285438533	12194.5785060815	11436.8042260382	10837.7918461647	11121.4965292584	11041.6027170502	11460.9118611894	11076.6165723686	11171.4036317741	11171.6999503421	11673.2102202084	11475.930102284	11028.7958664113
2021.79421248787	10905.0243704529	11309.9917801161	9990.19706226665	11215.383419871	11343.2233873988	11895.9408211676	11448.3961307703	12231.0735837649	11549.6550220902	11104.3098788219	11351.1395385272	11603.2503490831	11375.910991706	11358.6988529597	9343.16422050685	11439.9816353814	10556.202220882	10604.6571400398	10669.3575693255	11067.0549213862	11225.7909234471	10906.1880057129	11039.1611883496	11961.0050925713	11393.5968775565	11469.2754232302	10936.5097934576	12184.7115843498	11040.2314091669	10831.7259590769	11479.7536720511	11410.2405899191	11679.7285438533	12194.5785060815	11436.8042260382	10837.7918461647	11121.4965292584	11041.6027170502	11460.9118611894	11076.6165723686	11171.4036317741	11171.6999503421	11673.2102202084	11475.930102284	11028.7958664113
2022	10905.0243704529	11309.9917801161	9990.19706226665	11215.383419871	11343.2233873988	11895.9408211676	11448.3961307703	12231.0735837649	11549.6550220902	11104.3098788219	11351.1395385272	11603.2503490831	11375.910991706	11358.6988529597	9343.16422050685	11439.9816353814	10556.202220882	10604.6571400398	10669.3575693255	11067.0549213862	11225.7909234471	10906.1880057129	11039.1611883496	11961.0050925713	11393.5968775565	11469.2754232302	10936.5097934576	12184.7115843498	11040.2314091669	10831.7259590769	11479.7536720511	11410.2405899191	11679.7285438533	12194.5785060815	11436.8042260382	10837.7918461647	11121.4965292584	11041.6027170502	11460.9118611894	11076.6165723686	11171.4036317741	11171.6999503421	11673.2102202084	11475.930102284	11028.7958664113
