time	distance_tree	NA	NA	NA	NA	NA	NA	NA	NA	NA	NA	NA	NA	NA	NA	NA	NA	NA	NA	NA	NA	NA	NA	NA	NA	NA	NA	NA	NA	NA	NA	NA	NA	NA	NA	NA	NA	NA	NA	NA	NA	NA	NA	NA	NA
2001.42124878656	0	0	0	0	0	0	0	0	0	0	0	0	0	0	0	0	0	0	0	0	0	0	0	0	0	0	0	0	0	0	0	0	0	0	0	0	0	0	0	0	0	0	0	0	0
2001.62703629869	0	0	0	0	0	0	0	0	0	0	0	0	0	0	0	0	0	0	19.7727989508183	0	0	0	0	0	0	0	0	0	0	0	0	0	0	0	0	0	0	0	0	0	0	0	0	0	0
2001.83282381083	0	0	0	0	0	0	0	0	0	0	0	0	0	0	0	0	0	0	39.5457590055866	0	0	0	0	0	0	0	0	0	0	0	0	0	0	0	0	0	0	0	0	0	0	0	0	0	0
2002.03861132296	0	0	0	0	0	0	0	0	0	0	0	0	0	0	0	0	0	0	59.3188796278208	0	0	0	0	0	0	0	0	0	0	0	0	0	0	0	0	0	0	0	0	0	0	0	0	0	0
2002.2443988351	0	0	0	0	0	0	0	0	0	0	0	0	0	0	0	0	0	1.50386926808059	79.0921602821002	0	0	0	0	0	0	0	0	0	0	0	0	0	0	0	0	0	0	0	0	0	0	0	0	0	0
2002.45018634723	0	0	0	0	0	0	0	0	0	0	0	0	0	0	0	0	0	3.03949186632161	98.8656004327794	0	0	0	0	0	0	0	0	0	0	0	100.800914554109	0	0	0	0	0	0	0	0	0	0	0	0	0	0
2002.65597385937	0	0	0	0	0	0	0	0	0	0	0	0	0	0	0	0	0	4.57498276391494	118.639199544276	0	0	0	0	0	0	0	0	0	0	4.08654796575056	308.680317337988	0	0	0	0	0	0	0	0	0	0	0	0	0	0
2002.8617613715	0	0	0	0	0	0	0	0	0	0	0	0	0	0	0	0	0	6.11034192901316	138.412957080835	0	0	0	0	0	0	0	0	0	0	13.8680216824866	514.129032764678	0	0	0	0	0	0	0	0	0	0	0	0	0	0
2003.06754888364	0	0	0	119.784499207167	0	0	0	0	0	0	0	0	0	0	0	0	0	7.6455693250293	158.186872506775	0	0	0	0	0	0	0	0	0	0	23.6498759217471	717.051339135958	0	0	0	0	0	0	0	0	0	0	0	0	0	0
2003.27333639577	0	0	0	320.73205163611	0	0	0	0	0	0	0	0	0	0	0	0	0	9.18066491605799	177.960945286296	0	0	0	0	0	0	0	0	0	0	33.432110061842	917.351160809127	0	0	0	0	0	0	0	0	0	0	0	0	0	0
2003.4791239079	0	0	0	519.213014504559	0	0	0	0	0	0	0	0	0	0	0	0	0	10.7156286625782	197.73517488368	0	0	0	0	0	0	0	0	0	0	43.2147234811175	1114.93032983911	0	0	0	0	0	0	0	0	0	0	0	0	0	0
2003.68491142004	0	0	0	715.137359504568	0	0	0	0	0	0	0	0	0	0	0	0	0	12.2504605303414	217.509560763049	0	0	0	0	0	0	0	0	0	0	52.9977155577886	1309.68845986181	0	0	0	0	0	0	0	0	0	0	0	0	0	0
2003.89069893217	0	0	0	908.412879021138	0	0	0	0	0	0	0	0	0	0	0	0	0	13.7851604818543	228.9649462973	0	0	0	0	0	0	0	0	0	0	62.7810856701314	1501.52293490016	0	0	0	0	0	0	0	0	0	0	0	0	0	0
2004.09648644431	0	0	0	1098.94518928557	0	0	0	0	0	0	0	0	0	0	0	0	0	15.3197284812363	228.9649462973	0	0	0	0	0	0	0	0	0	0	72.5648331966948	1690.32892936655	0	0	0	0	0	0	0	0	0	0	0	0	0	0
2004.30227395644	0	0	5.71895246525004	1286.63774355708	0	0	0	0	0	0	0	0	0	0	0	0	0	16.854164490528	228.9649462973	0	0	0	0	0	0	0	0	0	0	82.3489575160235	1875.99944730343	0	0	0	0	0	0	0	0	0	0	0	0	0	0
2004.50806146858	0	0	441.951752662418	1471.39185639027	0	0	0	0	0	0	0	59.661695660129	0	0	0	0	0	18.3884684749704	228.9649462973	0	0	0	0	0	0	0	0	0	0	92.1334580064495	1942.73602470009	0	0	0	0	0	0	0	0	0	0	0	0	0	0
2004.71384898071	0	0	1119.39833629575	1653.10674010669	0	0	0	0	0	0	0	322.037657754638	0	0	0	0	0	19.9226403954163	228.9649462973	20.2663990881863	0	0	0	0	0	0	0	0	0	101.918334046573	1943.11572106457	0	0	0	0	0	0	0	0	0	0	0	0	0	0
2004.91963649284	0	0	1762.61076623235	1831.67955461589	0	0	0	0	0	0	0	580.434677420866	0	0	0	0	0	21.4566802172595	231.117889301618	44.5723695108611	0	0	0	0	0	0	0	0	0	111.703585014916	1943.49547446958	0	0	0.682808751600312	0	0	0	0	0	0	0	0	0	0	0
2005.12542400498	0	0	1830.78661203854	1926.67108549291	0	0	0	0	0	0	0	834.659594759328	0	0	0	0	0	22.9905879024285	271.874845629591	68.8970870178179	0	0	0	0	0	0	0	0	0	121.489210290073	1943.87528487537	0	0	1.87828103408494	0	0	0	0	0	0	0	0	0	0	0
2005.33121151711	0	0	1831.18982614052	1926.83320059778	0	0	0	0	0	0	0	1084.51326080413	0	0	0	0	0	24.5243634147005	317.431860365535	93.2404695465102	0	0	0	787.648988568185	0	0	0	0	0	131.275209250682	1944.25515224224	0	0	3.07380740087009	0	0	0	0	0	0	0	0	0	0	0
2005.53699902925	0	0	1831.59312928748	1926.99558872402	0	0	0	0	0	0	0	1329.79053037667	0	0	0.497915291721061	0	0	26.05800671759	365.914811585152	149.877270294683	0	0	0	1785.74128366123	0	0	0	0	0	141.061581275374	1944.6350765305	0	0	4.26938784279705	0	0	0	0	0	0	0	0	0	0	271.342865381248
2005.74278654138	0	0	1831.99652142359	1927.15824980072	0	0	0	0	0	0	0	1570.28030264806	0	0	2.81820741442484	0	0	27.5915177742527	416.226219713555	498.947447158188	0	0	0	1789.84893712724	0	0	0	0	0	150.848325742823	1945.01505770048	0	0	5.46502234647575	0	0	0	0	0	0	0	0	0	0	646.387024006687
2005.94857405352	0	0	1832.40000249302	1927.32118375687	0	0	0	0	0	0	0	1805.76561590317	1.10054058902923	0	5.13880311670443	0	0	29.1248965480393	467.707725845289	866.373055840099	0	0	0	1793.95490684209	0	0	0	0	0	160.635442031773	1945.39509571253	0	0	6.66071090622435	0	0	0	0	0	0	0	0	0	0	1012.01075271608
2006.15436156565	0	0	1832.80357243999	1927.48439052133	0	0	1.36891673757418	0	0	0	0	1916.13664964331	3.53096858289139	0	7.45970221563933	0	0	30.6581430017045	519.94943970298	1227.73343979309	0	0	0	1798.05919092299	0	0	0	0	0	169.391905755691	1945.77519052704	0	0	7.85645350325931	0	0	0	0	0	0	0	0	0	0	1367.56591499569
2006.36014907779	0	0	1833.20723120875	1927.64787002291	0	0	4.82619130251739	0	0	0	0	1919.22567333378	389.288779747405	0	9.78090452550613	151.507631674343	0	32.1912570990877	572.686066383741	1580.41895829227	0	0	0	1802.16178749188	0	0	0	0	0	169.391905755691	1946.15534210443	0	0	9.0522501308179	0	0	0	0	0	0	0	0	0	0	1712.37622346711
2006.56593658992	0	0	1833.6109787436	1927.81162219032	0	0	8.28281716814081	0	1.15222428062296	0	0	1922.31993864285	1873.58325456287	0	12.1024098602163	597.084906902535	0	33.7242388031196	625.739516818668	1750.67087113871	0	29.1285515494146	88.8080202544829	1806.2626946754	0	0	0	0	0	217.559806645843	1946.53555040512	0	0	10.2481007770107	0	0	0	0	0	0	0	0	0	0	1908.36849086996
2006.77172410205	0	0	1834.01481498885	1927.97564695216	0	0	11.73879392648	0	7.66011573240191	20.8401041099417	0	1925.41941927649	1879.63404942127	0	14.424218034653	1030.38926118479	0	35.257088077297	678.986221792963	1753.38454758833	0	59.7853416861776	220.375342085152	1810.36191060482	5.91542360709973	0	0	0	0	313.508198291103	1946.91581538958	0	0	11.4440054298707	0	0	0	0	0	0	0	0	0	24.0465427186271	1908.48803423329
2006.97751161419	0	0	1834.41873988887	1928.13994423696	0	0	15.194121170568	0	14.1680190175302	56.1275243516723	0	1928.52408906051	1885.68150024823	0	16.7463288616592	1450.40913426837	0	36.7898048845774	732.337860987233	1756.10865460801	0	170.995028143785	350.881133586063	1814.45943341595	22.7946884567012	0	0	0	0	419.427881563566	1947.29613701828	2.37092392051042	0	12.6399640781071	0	0	0	0	5.14911159582929	15.74001329505	0	0	0	76.2949703183427	1908.6076974529
2007.18329912632	68.5162797526338	1.12817711548672	1834.82275338804	1928.30451397314	1.72660451746073	3.01763814006578	118.597637229331	0	20.6759341231769	56.1275243516723	0	1931.63392194023	1891.72559819038	0	582.756985365219	1856.07895898044	0	38.3223891878367	785.729607550612	1758.84314856128	1242.03038121579	416.551027569276	480.299957337592	1818.55526124912	39.6739403872331	0	0	10.9188288339824	46.3734161202034	528.926587032946	1947.67651525173	2.37092392051042	0	1763.30325739534	0	0	0	0	17.1014053859949	532.69740418535	1557.62928149925	42.7019727394176	0	128.579740804542	1908.72748050529
2007.38908663846	68.5162797526338	1.85783022505743	1835.22685543078	1928.46935608904	220.997555458255	7.51827259694436	293.535077040054	0	27.183861035424	108.023553859286	0	1934.7488919803	1892.08629343288	60.9999731167367	1387.12480663634	2246.2804466822	4.70057416096124	39.8548409514669	839.112725275626	1761.58798588619	1874.32218898637	660.984946645216	608.605971933476	1822.6493922491	56.5531793608775	254.685779488843	1.76458839337366	32.4034559151856	134.91654426484	639.798181354803	1948.05695005047	2.37092392051042	0	1763.61507816277	0.476832802264125	258.837861102724	0	0	29.0517117562672	1628.97026244029	1880.62126134456	110.552057730214	205.886428960792	128.579740804542	1908.84738336698
2007.59487415059	68.5162797526338	3.09144115155334	1835.63104596157	1928.63447051289	476.675838344017	12.0183378342251	466.678843894491	0	178.73764837482	499.63105343295	0	1937.86897336436	1892.08629343288	60.9999731167367	1877.39757917174	2292.71712435868	270.099311687254	71.9505574777794	892.449769181973	1764.34312309725	1874.32218898637	902.004685018932	735.772931622228	1826.74182456503	73.4324053398536	784.110796999614	4.12833697393555	149.660511791386	278.350230545766	751.111180033142	1948.43744137505	2.37092392051042	151.613456393263	1763.92689622777	1.33617879151017	780.26009537256	192.853187872123	0	41.0000264755912	1882.43028197593	1880.62126134456	392.364380636063	1282.8683969896	128.579740804542	1908.96740601444
2007.80066166273	68.5162797526338	4.32507761591781	1836.03532492489	1928.79985717286	728.343176855423	16.5178333834716	637.970389718767	0	372.88479737418	883.182995362472	0	1940.99414039477	1892.08629343288	60.9999731167367	1878.16504184447	2292.71712435868	642.400345537345	189.378781026809	945.711390942866	1767.10851678743	1874.32218898637	1139.12641188321	861.774186685541	1830.83255635038	90.3116182867712	1295.60940909434	6.49195260344328	1141.7096828124	480.188263738826	862.40645083248	1948.81798918605	2.37092392051042	544.711013523751	1764.23871158756	2.19548542418103	1283.49705155957	640.844534365	0	52.9463453099012	1884.23376202781	1880.62126134456	799.602367079685	2184.02995611489	128.579740804542	1909.08754842415
2008.00644917486	68.5162797526338	5.55873961173553	1836.43969226526	1928.965515997	975.807706832283	21.0167587772464	807.350730657685	0.576694420511138	565.201789094468	1256.73916213181	9.5489006849248	1944.12436749238	1892.08629343288	60.9999731167367	1878.93262715869	2292.71712435868	1006.21447467868	306.213671266899	998.874161407268	1769.88412362999	1874.32218898637	1372.07827927164	986.582684601518	1834.92158576287	107.190818163761	1787.4166289057	8.85543520257254	1956.43834034685	688.754079063035	973.429294019669	1949.19859344408	220.247488921617	928.567556873158	1764.55052423939	3.05475268167101	1766.80201694182	1075.97700336547	16.419414669537	64.8906640239243	1886.04245366025	1880.62126134456	1201.7958475612	2184.10463304525	128.579740804542	1909.20781057256
2008.212236687	68.5162797526338	6.79242713071954	1836.84414792726	1929.13144691329	1218.873898519	25.5151135463851	974.759730751099	1.19329865652837	755.320003464985	1619.50433842243	20.8931736251684	1947.25962919619	1892.08629343288	76.3459763366258	1879.70033498308	2292.71712435868	1360.95455168214	422.281320035016	1051.91905424341	1772.66990038043	1874.32218898637	1600.63777352433	1110.17097205174	1839.00891096444	124.070004933	1958.53735492264	11.2187846943941	1957.25226219212	897.090927392424	1084.02440690242	1949.57925410978	492.125498926209	1302.50869631308	1764.86233418047	3.91398056971657	1831.65259966098	1497.18339317423	67.6261415003345	76.8329783807669	1887.85634190997	1880.62126134456	1592.86022311172	2184.17930935578	128.579740804542	1909.32819243609
2008.41802419913	68.5162797526338	761.423267099037	1837.24869185549	1929.2976498496	1457.34071153562	30.0128972227305	1140.13602972246	1.80988258526486	943.104718032056	1902.79363310031	32.2331342412327	1950.39990016308	1892.08629343288	271.674853575598	1880.46816518651	2292.71712435868	1706.0096993414	537.543866653485	1104.83036932575	1775.46580387826	1874.32218898637	1824.59637433302	1232.5111978237	1843.09453012117	1909.74612892537	1959.97720522091	13.5820010015855	1958.07116088253	1103.39792239702	1194.08929289611	1949.95997114378	759.627533825338	1665.83013218725	1765.17414140803	4.7731690747204	1832.46003295868	1851.53061253319	118.686671804619	88.7732841418826	1889.67541182815	1880.62126134456	1916.55276227564	2184.25398504646	128.579740804542	1909.44869399118
2008.62381171126	112.54173137973	1900.88534951857	1837.65332399456	1929.46412473372	1691.00142690382	303.845118806683	1303.41703103966	681.032520521692	1128.45568542029	1906.0927136063	43.5687735306159	1953.54515516753	1892.08629343288	465.194060447595	1881.23611763801	2292.71712435868	1862.1355091253	651.977997093738	1157.59495481351	1778.27179104883	1874.32218898637	1879.71705817913	1353.57511667045	1847.17844140324	1911.60973394002	1961.41722414536	15.9450840455556	1958.89503237724	1306.94747005427	1303.55151482038	1950.34074450678	1022.53306091764	1847.16915755512	1765.48594591931	5.63231819694126	1833.34605754024	1854.78656923048	187.580211450377	100.711577066924	1891.49964848075	1880.62126134456	1917.3179208929	2184.32866011729	128.579740804542	1909.5693152142
2008.8295992234	318.132382879292	1902.47928659116	1838.05804428915	1929.63087149335	1919.64370873473	892.793290769058	1464.53890533993	1636.823178454	1311.28087894679	1909.39650668915	54.9000824856405	1956.69536910128	1892.08629343288	656.48742877429	1882.00419220681	2292.71712435868	1865.35106249949	765.563756912698	1210.20163602258	1781.08781890512	1874.32218898637	1881.09639274211	1473.33409418308	1851.26064298488	1913.47445293066	1962.85741079087	18.3080337501946	1959.7238726029	1507.34266340051	1412.35671163988	1950.72157415948	1280.6148075281	1848.4146248124	1765.79774771154	442.13602008025	1834.31051140549	1858.1823499298	522.760402786168	112.647852914368	1893.32903694891	1880.62126134456	1918.08399319314	2184.40333456827	128.579740804542	1909.69005608157
2009.03538673553	521.145304500955	1904.09462943159	1838.46285268396	1929.79789005609	1934.93341135267	1458.64860963622	1623.43660179501	1953.94956979584	1491.49017112957	1912.70498503102	66.227052089437	1959.85051697306	1892.08629343288	845.444766760091	1882.77238876231	2292.71712435868	1868.56573599775	878.282187945666	1262.64078998636	1783.91384454941	1874.32218898637	1882.48043186338	1591.75911273744	1855.34113304427	1915.34028234056	1964.29776425477	20.6708500364966	1960.55767745384	1704.31415228006	1520.46188425621	1951.1024600626	1533.63866412396	1849.65996686739	1766.10954678196	920.747137122859	1835.35322268212	1861.71709236342	881.125100695805	124.58210744051	1895.16356232918	1880.62126134456	1918.85097808371	2184.47800839937	128.579740804542	1909.81091656963
2009.24117424767	721.464561011997	1905.73132172871	1838.86774912373	1929.96518034946	1935.96378139623	1935.9972409759	1780.04386587707	1953.94956979584	1668.99328882041	1916.01812146068	77.5496733183955	1963.01057390827	1892.08629343288	1031.97620961651	1883.54070717409	2292.71712435868	1871.7795288808	990.114612780282	1314.90402430854	1786.74982517503	1874.32218898637	1883.86916744198	1708.82077857749	1859.41990976355	1917.20721862485	1965.73828363687	23.0335328281397	1961.39644279218	1835.81018349641	1627.83143734191	1951.48340217691	1781.36375939015	1850.90518366898	1766.4213431278	1383.94086478881	1836.47400972486	1865.3899091953	1234.46888562645	136.514336400439	1897.00320973395	1880.62126134456	1919.61887447241	2184.5526816106	128.579740804542	1909.93189665474
2009.4469617598	918.988348163662	1907.38930664119	1839.27273355322	1930.13274230088	1936.99420143992	1935.9972409759	1934.29326333603	1953.94956979584	1843.69903067835	1919.33588895293	88.8679371408926	1966.17551514862	1892.08629343288	1215.99493002395	1884.3091473119	2292.71712435868	1874.99244041065	1101.04236659698	1366.98393177353	1789.59571806801	1874.32218898637	1885.26259136385	1788.2677493546	1863.49697132873	1919.07525825041	1967.1789680394	922.922867381149	1962.24016444805	1836.29054069496	1734.4347443946	1951.86440046317	1964.68403508107	1852.15027516611	1766.7331367463	1830.34848045956	1837.67268122041	1869.19988891539	1579.24221084915	148.44453554723	1898.84796429173	1880.62126134456	1920.38768126745	2184.62735420195	128.579740804542	1910.05299631324
2009.65274927194	1113.61408375253	1909.06852680616	1839.67780591723	1930.3005758377	1938.0246712553	1935.9972409759	1962.85521551475	1953.94956979584	1949.60716926025	1922.65826062796	100.181834517991	1969.34531605191	1892.08629343288	1397.41390768073	1885.07770904567	2292.71712435868	1878.20446985061	1211.04668139355	1418.8739007365	1792.45148060869	1874.32218898637	1886.66069550217	1788.2677493546	1867.57231592966	1920.94439769588	1968.61981656702	1992.67515672888	1963.08883821979	1836.93750881399	1773.87153892252	1952.24545488219	1964.68403508107	1853.39524130781	1767.04492763471	1930.14223255009	1838.94903629789	1873.14609674604	1800.56383695834	342.937687123613	1900.69781114747	1880.62126134456	1921.15739737753	2184.70202617339	128.579740804542	1910.17421552143
2009.85853678407	1305.23718836962	1910.76892434785	1840.0829661606	1930.46868088715	1939.0551906144	1935.9972409759	1962.85521551475	1953.94956979584	1949.60716926025	1925.98520975071	111.491356402887	1972.5199520916	1892.08629343288	1576.14502935356	1885.8463922455	2292.71712435868	1881.4156164653	1320.10863094869	1470.56796709479	1795.31707027334	1874.32218898637	1888.06347171752	1788.2677493546	1871.64594175994	1922.8146334516	1970.06082832686	1992.67515672888	1963.94245987405	1837.75077650193	1777.2553665636	1952.6265653948	1964.68403508107	1854.64008204314	1767.35671579027	1930.14223255009	1840.30286464487	1877.22757555849	1802.39297800187	783.19731001792	1902.55273546288	1880.62126134456	1921.92802171179	2184.77669752494	128.579740804542	1910.29555425563
2010.0643242962	1493.75086249603	1912.49044088628	1840.4882142282	1930.63705737639	1940.0857592897	1935.9972409759	1962.85521551475	1953.94956979584	1949.60716926025	1929.31670973035	122.796493741386	1975.69939885653	1892.08629343288	1748.64510883122	1886.6151967817	2292.71712435868	1884.62587952057	1428.2091030595	1522.06069761791	1798.19244463572	1874.32218898637	1889.47091185822	1788.2677493546	1875.71784701693	1924.68596201958	1971.50200242842	1992.67515672888	1964.80102514603	1838.72998718247	1780.64024917859	1953.00773196185	1964.68403508107	1855.88479732121	1767.66850121021	1930.14223255009	1841.73394662853	1881.44334679762	1804.29126364291	1224.48229410516	1904.41272241676	1880.62126134456	1922.69955317982	2184.85136825657	592.651602219024	1910.41701249211
2010.27011180834	1679.04605545811	1914.23301754589	1840.89355006495	1930.80570523249	1941.11637705414	1935.9972409759	1962.85521551475	1953.94956979584	1949.60716926025	1932.65273411959	134.097237471481	1978.88363205061	1892.08629343288	1749.76800324497	1887.3841225247	2292.71712435868	1887.83525828355	1535.32878527352	1573.34709717755	1801.07756136861	1874.32218898637	1890.88300776051	1788.2677493546	1879.78802990164	1926.55837991345	1972.94333798365	1992.67515672888	1965.6645297396	1839.87473947611	1784.02618074607	1953.38895454421	1964.68403508107	1861.15563971339	1767.98028389179	1930.14223255009	1843.242053422	1885.79241141289	1806.25844032169	1653.64545630037	1906.27775720529	1880.62126134456	1923.47199069169	2184.92603836829	1159.38993123137	1910.53859020715
2010.47589932047	1814.54714528362	1915.99659496432	1841.29897361577	1930.97462438242	1942.1470436811	1935.9972409759	1962.85521551475	1953.94956979584	1949.60716926025	1935.99325661407	145.393578523559	1979.41882738931	1892.08629343288	1750.89096683835	1888.15316934515	2292.71712435868	1891.0437520226	1641.44815790325	1624.42253437775	1803.97237824527	1874.32218898637	1892.29975124883	1788.2677493546	1883.85648861872	1928.43188365848	1974.38483410686	1992.67515672888	1966.53296932756	1841.18458768014	1787.41315528567	1953.77023310279	1964.68403508107	1868.12446236777	1768.29206383225	1930.14223255009	1844.82694713568	1890.27375079377	1808.29424758559	1852.88012606034	1908.14782504237	1880.62126134456	1924.24533315792	2185.00070786007	1701.06429351568	1910.660287377
2010.68168683261	1819.72039900007	1917.78111330109	1841.70448482565	1931.14381475307	1943.17775894443	1935.9972409759	1962.85521551475	1953.94956979584	1949.60716926025	1939.33825105178	299.254513048592	1979.77434048202	1892.08629343288	1752.01399933253	1888.92233711387	2292.71712435868	1894.25136000734	1746.54749130287	1675.28268147947	1806.87685314098	1874.32218898637	1893.72113413603	1788.2677493546	1887.92322137639	1930.30646979143	1975.82648991482	1992.67515672888	1967.40633955171	1842.65904230575	1790.80116685764	1954.1515675985	1964.68403508107	1875.09561981728	1768.88271946699	1930.14223255009	1846.48838095317	1893.38695241355	1810.39841822545	1857.75006647144	1910.02291115988	1880.62126134456	1925.01957948953	2185.07537673192	1905.69844539941	1910.78210397788
2010.88747434474	1824.89540320983	1919.58651224635	1842.11008363959	1931.31327627123	1944.20852261843	1935.9972409759	1962.85521551475	1953.94956979584	1949.60716926025	1942.68769141241	743.097004464146	1980.1307705062	1892.08629343288	1753.13710044938	1889.69162570183	2292.71712435868	1897.45808150856	1850.60684586061	1725.92346552954	1809.7909440344	1874.32218898637	1895.14714822367	1788.2677493546	1891.98822638642	1932.18213486065	1977.26830452663	1992.67515672888	1968.28463602313	1844.29757067064	1794.19020956256	1954.5329579923	1964.68403508107	1882.06905211295	1769.67524352888	1930.14223255009	1848.22609927189	1894.9635225388	1812.57067841443	1862.65278553967	1911.90300080802	1880.62126134456	1925.79472859798	2185.15004498382	1905.69844539941	1910.90403998602
2011.09326185688	1830.07211790258	1921.4127310296	1842.51577000263	1931.48300886362	1944.70428552564	1935.9972409759	1962.85521551475	1953.94956979584	1949.60716926025	1946.0415518167	1191.8232990592	1980.48811714732	1892.08629343288	1754.26026991146	1890.46103498021	2292.71712435868	1900.66391579831	1861.93795163509	1776.34102834028	1812.71460900902	1874.32218898637	1896.57778530219	1788.2677493546	1896.05150186405	1934.52389893497	1978.71027706379	1992.67515672888	1969.16785432228	1846.09959754516	1797.58027754095	1954.91440424516	1964.68403508107	1889.04470014413	1770.51711964018	1930.14223255009	1850.03983784802	1896.57715810876	1814.8107478493	1867.58802267365	1913.78807925557	1880.62126134456	1926.57077939524	2185.22471261577	1905.69844539941	1911.02609537763
2011.29904936901	1835.2505034938	1923.25970842849	1842.92154385985	1931.65301245684	1945.08856142749	1935.9972409759	1962.85521551475	1953.94956979584	1949.60716926025	1949.39980652591	1628.31668449256	1980.84638008981	1892.08629343288	1755.38350744198	1891.23056482034	2292.71712435868	1903.8688621498	1861.93795163509	1826.53169351677	1815.64780625451	1874.32218898637	1898.01303715123	1788.2677493546	1900.11304602796	1941.66679634326	1980.15240665018	1992.67515672888	1970.05598999921	1848.06450585035	1800.97136497298	1955.29590631808	1964.68403508107	1896.02250562391	1771.40825465669	1930.14223255009	1851.92932394559	1898.22780994149	1817.11833989389	1872.55551832302	1915.67813179023	1880.62126134456	1927.34773079375	2185.29937962775	1905.69844539941	1911.14827012887
2011.50483688115	1840.43052081902	1925.12738277753	1843.32740515636	1931.82328697744	1945.47295173838	1935.9972409759	1962.85521551475	1953.94956979584	1949.60716926025	1952.76242994106	1875.34125760916	1981.20555901695	1892.08629343288	1756.50681276484	1892.00021509373	2292.71712435868	1907.07291983743	1861.93795163509	1851.06374808133	1818.59049406804	1874.32218898637	1899.45289553982	1788.2677493546	1904.17285710023	1948.81342044768	1981.59469241204	1992.67515672888	1970.94903857376	1850.19163740546	1804.36346607805	1955.67746417208	1964.68403508107	1903.0024110746	1772.34855145791	1930.14223255009	1853.89427648959	1899.91542678327	1819.49316172465	1877.55501400953	1917.57314371885	1880.62126134456	1928.12558170645	2185.37404601976	1905.69844539941	1911.27056421593
2011.71062439328	1845.61213112839	1927.01569197686	1843.73335383731	1931.99383235185	1945.8574563959	1935.9972409759	1962.85521551475	1953.94956979584	1949.60716926025	1956.12939660241	1883.15533029565	1981.56565361097	1892.08629343288	1757.63018560462	1892.76998567207	2292.71712435868	1910.27608813678	1861.93795163509	1851.45464413286	1821.54263085564	1874.32218898637	1901.26990273868	1788.2677493546	1908.23093330629	1955.49138068025	2005.19043928443	1992.67515672888	1971.84699553572	1852.48029372302	1807.75657511453	1956.0590777682	1964.68403508107	1909.98435981369	1773.337908984	1930.14223255009	1855.93440622287	1901.63995532761	1821.93491447808	1882.58625235699	1919.47310036776	1880.62126134456	1928.52256192934	2185.49976257285	1905.69844539941	1911.39297761495
2011.91641190541	1850.79529608122	1928.92457350102	1844.13938984788	1932.16464850642	1946.24207533761	1935.9972409759	1962.85521551475	1953.94956979584	1949.60716926025	1959.5006811888	1890.98533870749	1982.79496696833	1892.08629343288	1758.75362568656	1893.53987642722	2293.75882984201	1913.47836632457	1861.93795163509	1851.84850130908	1824.50417513343	1874.32218898637	1903.56228373813	1788.2677493546	1912.28727287488	1956.2809519786	2008.39715713976	1992.67515672888	1972.74985634497	1854.92973684901	1811.1506863794	1956.44074706753	1964.68403508107	1916.96829593995	1774.37622227411	1930.14223255009	1858.04941586651	1903.40134023475	1824.44329339984	1887.64897712012	1921.37798708305	1880.62126134456	1928.70497646631	2186.14541906059	1905.69844539941	1911.51551030207
2012.12219941755	1855.97997774058	1930.85396440769	1844.54551313327	1932.33573536742	1946.62680850114	1935.9972409759	1962.85521551475	1953.94956979584	1949.60716926025	1961.44978883639	1898.83106107497	1986.2980292025	1892.08629343288	1759.87713273656	1894.30988723121	2296.50551115566	1916.67975367868	1861.93795163509	1852.24531868066	1827.47508552886	1874.52580614684	1905.85790343608	1788.2677493546	1916.34187403798	1957.07048256348	2048.49399132313	1992.67515672888	1973.65761643175	1857.53919024572	1814.5457942079	1956.82247203114	1964.68403508107	1923.95416431984	1775.46338250627	1930.14223255009	1860.2390002837	1905.19952415158	1827.01798799551	1892.74293321234	1923.28778923082	1880.62126134456	1928.88739047892	2187.723808752	1905.69844539941	1911.63816225341
2012.32798692968	1861.16613856807	1932.80380134644	1844.95172363874	1932.50709286102	1947.01165582412	1935.9972409759	1962.85521551475	1953.94956979584	1949.60716926025	1961.44978883639	1906.69227885413	1989.80031465969	1900.1901159803	1761.00070648118	1895.08001795625	2299.28991415924	1919.88024947813	1861.93795163509	1852.64509530446	1830.455320782	1879.45492167285	1908.15675052842	1788.2677493546	1920.39473503081	1957.8599723893	2106.02743128127	1992.67515672888	1974.57027119677	1860.3078397148	1817.94189297322	1957.20425262017	1964.68403508107	1930.94191057429	1776.59927703856	1930.14223255009	1862.50284664665	1907.03444773205	1829.65868218266	1897.86786673243	1925.20249219749	1880.62126134456	1929.06980396631	2190.19865037097	1905.69844539941	1911.76093344508
2012.53377444182	1866.35374141851	1934.77402056748	1845.35802130957	1932.67872091331	1947.39661724423	1935.9972409759	1962.85521551475	1953.94956979584	1949.60716926025	1961.44978883639	1914.56877667838	1993.3018206092	1914.50954292663	1761.00070648118	1895.85026847472	2302.11194706264	1923.07985300305	1861.93795163509	1853.04783022351	1833.44483974663	1884.38319653635	1910.45881374688	1788.2677493546	1921.13272492224	1958.64942141056	2174.82125993371	1992.67515672888	1975.48781601142	1863.23483435789	1821.33897708617	1957.58608879576	1964.68403508107	1937.93148106553	1777.78378945168	1930.14223255009	1864.84063460652	1908.90604965799	1832.36505444417	1903.0235249902	1927.12208139005	1880.62126134456	1929.25221692765	2193.56982423669	1905.69844539941	1911.76093344508
2012.73956195395	1871.54274953492	1935.57803331708	1845.76440609106	1932.85061945029	1947.78169269916	1935.9972409759	1962.85521551475	1953.94956979584	1949.60716926025	1961.44978883639	1922.46034231081	1996.80254433508	1929.02284718006	1761.00070648118	1896.62063865917	2304.97151658828	1926.27856353469	1861.93795163509	1853.45352246704	1836.44360139146	1889.3106178041	1912.76408185905	1788.2677493546	1921.13272492224	1960.72723865167	2174.91503346222	1992.67515672888	1976.41024621793	1866.78507266601	1824.73704099489	1957.96798051907	1964.68403508107	1944.92282288445	1779.01679959288	1930.14223255009	1867.25203646601	1910.81426666045	1835.13677798267	1908.20965653103	1928.37906352175	1880.62126134456	1929.43462936209	2197.83608565726	1905.69844539941	1911.76093344508
2012.94534946609	1876.73312654335	1935.70727205287	1846.17087792859	1933.02278839786	1948.16688212664	1935.9972409759	1962.85521551475	1953.94956979584	1949.60716926025	1961.44978883639	1930.36676659697	2000.30248313597	1943.72564944632	1761.43940494894	1897.39112838233	2307.86852799541	1929.4763803554	1861.93795163509	1855.93837892191	1839.45156480123	1894.23717266137	1915.07254366831	1788.2677493546	1921.13272492224	1964.06324358846	2175.00888269663	1992.67515672888	1977.33755712961	1870.91100433984	1828.13607918449	1958.3499277513	1965.31384955261	1951.9158838379	1783.80663987201	1930.14223255009	1869.73671735458	1912.75903354132	1837.97352087583	1913.42601115945	1928.81880554177	1880.62126134456	1929.6170412688	2202.99507868822	1905.69844539941	1911.76093344508
2013.15113697822	1881.92483644795	1935.8367035667	1846.9718389364	1933.19522768186	1948.55218546442	1935.9972409759	1962.85521551475	1953.94956979584	1949.60716926025	1961.44978883639	1938.2878434183	2003.80163432496	1958.61364594416	1761.93827608092	1898.16173751711	2310.80288510462	1932.67330274862	1863.72021501852	1859.93688324666	1844.19646167763	1899.16284841053	1917.38418801379	1788.2677493546	1921.13272492224	1967.40320670805	2175.10280762716	1992.67515672888	1978.26974403094	1875.15992229228	1831.53608617675	1958.73193045366	1967.26040704643	1958.91061243651	1790.28667216151	1930.14223255009	1872.29433540591	1914.74028319551	1840.87494623244	1918.6723399617	1929.25855669115	1880.62126134456	1929.79945264694	2209.04335648319	1905.69844539941	1911.76093344508
2013.35692449036	1886.15981111668	1935.96632781577	1851.23614501721	1933.67716310232	1948.93760265026	1935.9972409759	1962.85521551475	1953.94956979584	1949.60716926025	1961.44978883639	1946.22336964604	2007.29999522945	1973.68260967796	1763.70314736004	1898.93246593657	2313.77449032242	1935.86932999888	1866.93726983445	1864.09830438134	1849.28872595401	1904.0876324693	1919.69900377039	1788.2677493546	1921.13272492224	1970.74710353225	2177.86870324435	1992.67515672888	1979.20680217785	1879.53127228943	1834.93705652981	1959.11398858739	1969.20664063174	1965.90695788259	1796.90557656617	1930.14223255009	1874.92454193742	1916.75794663334	1843.84071234907	1923.94839532729	1929.69831695074	1880.62126134456	1929.98186349566	2215.97640793448	1905.69844539941	1911.76093344508
2013.56271200249	1886.32789006562	1936.09614475726	1851.92056183492	1935.15905712529	1949.32313362197	1935.9972409759	1962.85521551475	1953.94956979584	1949.60716926025	1961.44978883639	1954.17314509576	2010.79756319106	1985.28239941404	1768.50768818115	1899.70331351395	2316.783244666	1939.06446139176	1870.21771115932	1868.4219648678	1854.5675409407	1909.01151236938	1922.0169798487	1788.2677493546	1921.13272492224	1974.09490971815	2212.2235984871	1992.67515672888	1980.14872679784	1884.02448040818	1838.33898483787	1959.43970717372	1971.15254987945	1972.90487005832	1803.66219457035	1930.14223255009	1877.62698163179	1918.81195300351	1846.87047286717	1929.25393096956	1930.13808630146	1880.62126134456	1930.16427381413	2223.78869021962	1905.69844539941	1911.76093344508
2013.76849951462	1886.4962315362	1936.22615434826	1852.60500011889	1936.6407161	1949.70877831739	1935.9972409759	1994.09365044138	1953.94956979584	1949.60716926025	1961.44978883639	1962.13697248241	2014.29433556543	1985.28239941404	1773.52251799595	1900.47428012266	2319.82904778801	1939.06446139176	1873.56117745642	1872.90714975477	1860.03184446368	1913.93447575482	1924.33810519499	1788.93825590158	1921.13272492224	1977.44660105742	2248.15393802159	1992.67515672888	1981.41987287108	1888.63895363577	1841.57776268156	1959.43970717372	1973.0981343616	1979.90429951414	1810.55535198957	1930.14223255009	1882.26708437552	1920.90222961624	1849.96387693049	1932.91042366726	1930.57786472418	1881.79361967257	1930.34668360151	2232.47366679646	1905.69844539941	1911.76093344508
2013.97428702676	1886.66483548148	1936.35635654585	1853.28945979248	1938.12213995913	1950.09453667438	1937.1506551	2026.02155775932	1953.94956979584	1949.60716926025	1961.44978883639	1968.55175850076	2031.0698357408	1985.28239941404	1778.74648544233	1901.2453656363	2322.91179800152	1939.06446139176	1876.96730330712	1877.55310764715	1865.68052919801	1918.85651038063	1926.66236879118	1791.76374351325	1921.13272492224	1983.34243689073	2285.59850599514	1992.67515672888	1983.29607302675	1893.37408047752	1844.09747230116	1959.43970717372	1975.04339365141	1986.90519745742	1817.58386014788	1930.14223255009	1887.95503281079	1923.02870196688	1853.96962585091	1933.92604531467	1931.01765219985	1883.86416873172	1930.52909285695	2242.02385032829	1905.69844539941	1911.76093344508
2014.18007453889	1886.83370185437	1936.48675130705	1853.97394077916	1939.60332863533	1950.48040863082	1939.4662979346	2057.85721632001	1953.94956979584	1949.60716926025	1961.44978883639	1969.34460053379	2031.0698357408	2070.86564487992	1784.17837631589	1902.01656992861	2326.03139230502	1939.06446139176	1880.43571956741	1882.35905178456	1871.51244442233	1923.77760411122	1928.98975965478	1794.58842774347	1921.13272492224	1983.34243689073	2324.49680113614	1992.67515672888	1984.3530514664	1898.22923157164	1846.61673620091	1959.43970717372	1975.04339365141	1993.90751574124	1824.74651703734	1930.14223255009	1894.00374362749	1925.19129375982	1860.19894327948	1934.94158926686	1931.45744870939	1885.96136285871	1930.71150157962	2252.43084997035	1905.69844539941	1911.76093344508
2014.38586205103	1887.00283060773	1936.61733858883	1858.51065521508	1941.08428206125	1950.86639412461	1942.87318792358	2111.3765304611	1956.88859444622	1949.60716926025	1961.44978883639	1970.13740974976	2031.0698357408	2099.27274757109	1789.81691590306	1902.78789287354	2329.18772640749	1939.06446139176	1883.96605352398	1887.32416114633	1877.52639779959	1928.69774491903	1931.32026683888	1797.41230804245	1921.13272492224	1983.34243689073	2364.78936090736	1992.67515672888	1985.59015816557	1903.20376031003	1849.13555407907	1959.43970717372	1975.04339365141	2000.91120685358	1832.04210845812	1930.14223255009	1900.41115641699	1927.38992693271	1867.01606071699	1943.8538198158	1931.89725423376	1888.08514095327	1930.89390976869	2263.68542241313	1905.69844539941	1911.76093344508
2014.59164956316	1887.17222169431	1936.74811834812	1866.12020397207	1942.56500016957	1951.25249309371	1946.28495172598	2121.24763010968	1961.32827080239	1985.08634184	1961.44978883639	1970.93018612496	2038.73473606584	2104.84394997937	1795.66077136909	1903.55933434516	2332.38069475349	1939.06446139176	1887.55792904961	1892.44758157996	1883.72115717848	1933.61692088306	1933.65387943211	1800.23538386107	1921.13272492224	1983.34243689073	2632.40669226012	1992.67515672888	1987.00685631552	1908.2970034637	1851.65392563434	1959.43970717372	1975.04339365141	2004.14440609044	1839.46940913754	1930.14223255009	1907.17502785636	1929.62452168096	1874.41740460796	1980.03720853472	1932.33706875393	1897.46601848288	1931.0763174233	2275.77752605364	1905.69844539941	1911.76093344508
2014.7974370753	1887.34187506675	1936.8790905418	1873.73798344719	1969.14692986872	1951.63870547608	1967.9588061502	2137.6953041261	1965.81549931486	2012.7893825633	1961.44978883639	1971.72292963572	2047.74882218268	2107.15422129679	1801.70855419271	1904.33089421776	2335.61019054844	1939.06446139176	1891.21096675779	1914.12098150045	1890.09545241096	1938.53512018751	1935.99058655857	1803.05765465094	1921.13272492224	1994.49787742035	3423.58779577859	1992.67515672888	1988.60256098531	1913.50828181207	1854.17185056589	1959.43970717372	1975.04339365141	2012.81553676335	1847.02718382688	1933.27032151679	1914.2929389672	1931.89499648256	1882.39889236595	2025.79674391709	1932.77689225088	1910.09559947694	1931.25872454263	2288.69637765594	1905.69844539941	1911.76093344508
2015.00322458743	1887.51179067761	1937.0102551267	1881.36383827146	2033.63774641877	1977.01255979343	2010.05633534629	2137.6953041261	1970.34994585809	2012.7893825633	1969.19713021457	1972.51564025839	2056.7600783562	2107.79619982603	1813.63145698476	1905.10257236577	2338.87610578373	1939.30135549895	1920.01159394861	1948.12388076977	1896.64797718058	1943.45233112037	1938.33037737785	1805.87911986431	1921.13272492224	2008.79392823758	4215.63578262293	1992.67515672888	1990.37663981906	1918.83690077468	1856.68932857338	1959.43970717372	1975.04339365141	2105.92377178133	1854.71418837438	1937.35544193183	1921.76230268561	1934.20126812324	1890.955954927	2120.99613292692	1933.21672470562	1923.04532182654	1931.44113112584	2302.43051086297	1905.69844539941	1911.76093344508
2015.20901209956	1887.51179067761	1937.0102551267	1881.36383827146	2068.97656556632	2052.85145422156	2053.73029754948	2163.21525534885	1974.93127593711	2012.7893825633	1986.05158040119	1973.30831796934	2065.76847782804	2108.43839908312	1813.7375757702	1905.87436866379	2338.87610578373	1939.30135549895	1960.30777051476	1967.04896836835	1896.64797718058	1943.45233112037	1938.33037737785	1805.87911986431	1921.13272492224	2023.14828493261	4999.53349258571	1992.67515672888	1992.32841379201	1918.83690077468	1859.20635935689	1959.43970717372	1975.04339365141	2105.92377178133	1854.71418837438	1937.35544193183	1921.76230268561	1934.20126812324	1929.99636788378	2126.62444490084	1933.21672470562	1936.31000749483	1931.44113112584	2310.26184072019	1905.69844539941	1911.76093344508
2015.4147996117	1887.51179067761	1937.0102551267	1881.36383827146	2068.97656556632	2128.62687112808	2098.87822165499	2217.19861359101	1979.5591547713	2012.7893825633	2003.10820069203	1974.10096274498	2074.77399417701	2109.17044323953	1813.85419085897	1906.64628298661	2338.87610578373	1939.30135549895	2000.99313530353	1977.2086028875	1896.64797718058	1943.45233112037	1938.33037737785	1805.87911986431	1930.88086460673	2037.55937977704	5768.22157460169	1992.67515672888	1998.35395605112	1918.83690077468	1910.82929842743	1987.29858234567	1975.04339365141	2105.92377178133	2008.02614247584	1937.35544193183	1921.76230268561	1934.20126812324	1955.86181207086	2129.42445591399	1933.21672470562	2066.34941077186	1990.23250692783	2317.12680601925	1905.69844539941	1911.76093344508
2015.62058712383	1887.51179067761	2025.13678277657	1996.3928334091	2068.97656556632	2128.62687112808	2134.32914474378	2567.13175844857	2087.73068214861	2012.7893825633	2020.36212928333	1974.89357456174	2083.77660131139	2110.31592394122	1843.83532994244	1907.41831520917	2338.87610578373	1939.30135549895	2027.34486589271	2015.89405070304	1937.01501727394	1943.45233112037	1966.72207529973	1877.84919540889	1940.96641527472	2052.02568228774	6514.9268233138	1992.67515672888	2071.29190171844	1918.83690077468	1964.90891163591	2048.91799118846	2969.55932688928	2105.92377178133	2090.02706211905	1937.35544193183	1921.76230268561	1989.62291855311	1966.27122323465	2131.90531382891	1970.12814397487	3216.26350652381	2054.20244140982	4382.43871579102	1905.69844539941	1930.83041066574
2015.82637463597	1887.51179067761	2048.61406212837	2880.07961117174	2068.97656556632	2128.62687112808	2137.70973440483	3227.69939301095	2139.75551295381	2101.08967739173	2037.80860302357	1975.68615339611	2092.77627346151	2171.26905224574	1925.19530450565	1908.19046520659	2338.87610578373	2090.23289810997	2034.64819646349	2053.36655141944	2080.57252663046	2127.25366674618	2005.53416468721	1983.93547262686	2054.98931943597	2066.54569834242	6933.87406638977	2877.18452528983	2133.81911626546	1918.83690077468	1972.18497277331	2050.41801291741	4717.54625608229	2105.92377178133	2222.75543981573	1937.35544193183	1960.89548049206	2037.02347738288	2090.83726161481	2131.90531382891	2123.39438026266	4356.843521447	2058.16051485275	6749.08082449835	1905.69844539941	2065.12081761303
2016.0321621481	1971.02995167447	2055.34677479735	2882.61576882782	2077.91880871662	2128.62687112808	2137.70973440483	3886.58641689	2139.75551295381	2102.44415400248	2055.44295777485	2035.85705860657	2101.77298517248	2244.1937261076	2006.3540658152	1908.96273285415	2338.87610578373	2094.92348790872	2034.64819646349	2065.29230279625	2080.89638935978	2127.25366674618	2100.820810575	1983.93547262686	2054.98931943597	2081.11796930628	6933.87406638977	2879.62228065373	2133.81911626546	1972.20082520583	1979.62458506437	2091.32164461758	6389.10663133908	2107.76623367248	2355.52251354205	1937.35544193183	1965.48502668498	2093.52268137918	2090.83726161481	2131.90531382891	2123.66306988044	5467.0490108347	2064.81351234835	6749.87865341968	1905.69844539941	2065.12081761303
2016.23794966024	2063.55156471013	2062.10405681858	2885.15125297916	2111.70703389854	2128.62687112808	2137.70973440483	4539.06600658902	2139.75551295381	2103.33512149849	2073.26062851121	2101.50431026272	2271.34744328566	2317.13315810938	2087.29734514249	1909.73511802729	2338.87610578373	3098.61016277466	2034.64819646349	2952.78759696539	2081.22028835661	2127.25366674618	2116.33687636399	1983.93547262686	2055.29861628902	6642.29190545952	6933.87406638977	2882.05947596967	2133.81911626546	1992.3308116674	2514.34440298598	2264.39409759745	6898.56182409051	2149.27530976861	2488.13246176133	1947.04592492059	2014.44586518785	2099.53855380074	2153.23171492205	2131.90531382891	2123.94095132006	6528.55696540314	2071.47523685169	6750.67660355764	1905.69844539941	2103.48630209363
2016.44373717237	2080.50034555574	2112.67485681246	2887.68606246436	2196.34393086471	2140.3989613929	2137.70973440483	5181.35209190268	2139.75551295381	2104.16225999173	2106.84850957417	2114.40669340474	2476.88589368523	2390.06588000836	2168.01225884406	1910.50762060165	2376.28589895853	4843.6260164565	2034.64819646349	4550.21600275872	2081.54422360043	2134.25694527865	2116.33687636399	1984.13252692314	2056.30422846291	6880.50760843012	6933.87406638977	2884.49610962738	2133.81911626546	2012.47665865181	4189.99032831176	2436.84676837708	6898.56182409051	2224.13851219205	2620.51091193759	1993.5075417446	3420.73193614878	2183.6846632094	2253.00361460842	2131.90531382891	3227.6935615983	6814.71699591663	2078.14557356791	6751.47467486508	1980.29780521008	2206.54736376209
2016.64952468451	2172.68245080245	2130.64402837035	2890.22019612476	2280.69033012467	2142.21406434788	2218.31649150117	5809.87778774274	2189.93993402494	2104.81252232221	2107.67762212468	2116.79451415812	2681.08313796499	2462.97253633647	2248.48704516105	1911.28024045301	2501.77038482124	6191.14274936591	2034.64819646349	6028.62725641023	2081.86819507074	2219.8466264055	2116.33687636399	1984.35375296972	2057.31566278228	6880.50760843012	6933.87406638977	2886.93218002086	2169.60271444476	2032.63757869989	5799.09382894622	2608.50819857076	6898.56182409051	2298.8669942092	2752.59346301791	2055.22148869978	4890.5510081978	6907.55035187254	2354.39248112132	6881.40529663525	4648.74922605779	6814.71699591663	2087.58356615332	6752.27286729484	2079.1381920059	2309.21256478545
2016.85531219664	2275.08092536405	3283.34624370479	3721.87786781091	2364.73713304106	2142.71490399034	2299.77565418241	6420.97400157843	2370.05484280693	2105.46655535622	2108.50665650685	2119.4450634302	2883.73436419496	2891.34276049652	2328.71085688432	1912.05297745732	2501.77038482124	6236.46664722074	2127.84319638668	6086.10942076156	2082.19220274704	2305.22113259575	2121.37331161279	1984.57606885992	2058.33291347994	6880.50760843012	6933.87406638977	2889.36768554828	2263.25553227907	2063.96562991174	6773.07521506937	2779.23708533124	6898.56182409051	2373.44662543769	2884.32329666695	2080.47489123457	6299.86469971329	6907.55035187254	2457.19832116223	6882.23195704151	6019.93763709749	6814.71699591663	2111.51420758885	6753.07118079978	2079.1381920059	2411.45987835751
2017.06109970877	2377.21226565637	5255.38096246257	4679.33680120465	2448.47566018159	6906.40406948079	2381.34925851094	6722.01232460227	2556.3676867675	2106.42605832287	2109.33561270833	2122.14989722312	3031.00032143901	3951.31842815608	2408.67359655113	2896.31387546215	2547.72965710142	6282.36508506647	2649.23321521282	6133.22808770272	2082.5243315092	2390.36217400304	2200.63806105151	1984.79947440781	2059.35597474874	6880.50760843012	6933.87406638977	2891.80262461203	2356.6513138312	2073.57705201184	6773.50591105831	4138.09510790008	6898.56182409051	2447.86451502857	2955.81538817635	2090.83798806646	6896.15924277519	6907.55035187254	2561.24843603367	6883.05859212208	6896.62391823041	6814.71699591663	2162.30221639537	6753.86961533277	2145.60737689914	2513.26908067207
2017.26688722091	3575.39566444923	6884.97683952958	5625.83177472403	2531.89757012062	6906.40406948079	2463.00203969939	6735.21097089489	2747.85983007769	4406.76762088775	2110.16449071675	2182.02781412978	3031.00032143901	4975.47686834024	2488.36578434301	5483.37335717226	2758.32307997434	6328.8251597531	3415.2152789351	6180.92280602547	2169.24844522116	2475.25314860084	2734.19935592972	2073.10706975627	2060.38484074176	6880.50760843012	6933.87406638977	3117.2738960639	2449.7674982959	2121.44365385584	6773.93149647297	6872.9544500993	6898.56182409051	2522.10881935536	2955.81538817635	2090.83798806646	6896.15924277519	6907.55035187254	2666.39300488353	6883.88520186507	6897.32899355006	6814.71699591663	3016.74126948055	6754.6681708467	2262.9744212012	2614.6213626184
2017.47267473304	5495.83340987369	6885.98984212719	6546.75015855989	2614.99479431296	6906.40406948079	5713.04347676949	6748.40158765148	2794.82574746916	6394.26668929128	2250.19965981586	2337.47575923417	3031.00032143901	5939.75559088588	3061.83191588341	6318.40525743107	2999.06040496348	6375.83417519221	4165.1474210084	6229.18001527729	2486.37949122977	2559.8788442011	3267.07643756583	2194.78709902604	2341.47750114731	6880.50760843012	6933.87406638977	6360.81617478951	2542.58366876044	2262.574120246	6774.3519891423	6874.18556241018	6898.56182409051	3143.45923100846	3011.93352846085	2093.25419649641	6896.15924277519	6907.55035187254	2772.50140382824	6884.71178625857	6898.03410476325	6814.71699591663	4113.90465339099	6755.46684729448	2380.36430438696	2715.49903144054
2017.67846224518	6720.60671728741	6887.00297777998	6890.30185872576	2697.75948443545	6906.40406948079	6917.5422701962	6761.58412809165	3324.22727900041	6438.26928028227	2499.07507361396	2492.33396595682	3031.00032143901	6240.45866437192	3958.87124926145	6387.81859579704	3237.33434527311	6423.37964570465	4889.3066023178	6277.9863985968	2799.2072022335	2644.22519906692	3793.56399302078	2341.09880732514	3270.28197957645	6880.50760843012	6933.87406638977	6663.56691063637	2635.08114808762	2403.02673610466	6774.76740693833	6875.41696774451	6898.56182409051	4384.56182389393	3692.21582225745	2114.18375104173	6896.15924277519	6907.55035187254	2879.45914577555	6885.53834529065	6898.73925185733	6814.71699591663	5189.83027549084	6756.26564462903	2846.22991649343	2815.88527895986
2017.88424975731	6723.07771922521	6888.0162464275	6891.37926796216	3197.17708856001	6906.40406948079	6917.5422701962	6774.75854535717	3852.06148652371	6482.64797798047	3745.89740252065	2646.48654002337	3031.00032143901	6304.34561454366	4821.4220381401	6457.65528012736	3428.42928494729	6471.44929870638	5579.77473651152	6327.32888501317	2963.66183045712	2728.27910815638	4309.89048927392	3582.02401959471	4193.83252013687	6880.50760843012	6933.87406638977	6692.03927379477	6321.99358537332	2542.74325888094	6775.17776777613	6876.64866591564	6898.56182409051	5594.56440537806	4366.43612559902	3502.00275650836	6896.15924277519	6907.55035187254	2990.84359661188	6886.36487894943	6899.44443481964	6814.71699591663	6227.67956577374	6757.06456280326	4266.31041189352	2915.76399966942
2018.09003726945	6725.54846779062	6889.02964800935	6892.45575886679	3935.528712816	6906.40406948079	6917.5422701962	6787.92479251111	4375.90907646523	6527.39496949859	4966.45944791765	2985.49911915783	3400.74476970419	6369.28337862995	5636.80648717577	6527.90068966855	3428.42928494729	6520.03107677342	6151.54256839487	6377.19465104446	3836.51355149141	2812.02826519369	4813.07472330435	4797.80469549399	5100.68314191284	6880.50760843012	6933.87406638977	6720.62963401913	6815.79517680638	2681.67176891043	6775.58308961376	6877.88065673704	6898.56182409051	6748.52596766977	5030.62195706283	5762.8824254451	6896.15924277519	6907.55035187254	3749.58309985448	6887.19138722297	6900.14965363754	6814.71699591663	6886.86791919239	6757.86360177013	5649.06500693737	4641.88418718738
2018.29582478158	6728.01896267345	6890.04318246513	6893.53133406293	4663.45833700521	6906.40406948079	6917.5422701962	6801.08282253717	4893.755116	6572.50257976064	6133.54481967527	6168.18262988146	5079.67950151846	6435.23903358167	6156.97089843765	6598.54072553981	3536.64362268534	6569.11313912942	6241.88735904748	6427.57112164821	5131.8269029688	3305.31509016136	5300.45616829894	5965.41174874991	5981.01085211275	6880.50760843012	6933.87406638977	6749.33646539511	6816.18016758	2819.76494475263	6775.98339045226	6879.11294002221	6898.56182409051	6900.00047625641	5680.94346970387	6881.51609627856	6896.15924277519	6907.55035187254	4500.28031042931	6888.01787009938	6900.85490829839	6814.71699591663	6886.86791919239	6758.6627614826	6690.15019352985	6777.74274686933
2018.50161229372	6730.48920356342	6891.05684973448	6894.60599617715	5376.36155052339	6906.40406948079	6917.5422701962	6814.23258833878	5403.7254406527	6617.96327105699	6941.90103853609	6271.36233657391	6624.34410278334	6502.18043758215	6259.32434076655	6669.56179165725	5132.98620210683	6618.68386259475	6334.38386228894	6478.4459705727	6069.21098637808	4271.89535484142	5769.47843690143	6665.43615996561	6775.58085818911	6880.50760843012	6933.87406638977	6778.15825981734	6816.56518409835	4589.70510219357	6776.37868833551	6880.34551558479	6898.56182409051	6900.00047625641	6313.39281372204	6882.90962459912	6896.15924277519	6907.55035187254	5237.29613295332	6888.84432756673	6901.56019878954	6814.71699591663	6886.86791919239	6759.46204189364	6701.71044467647	6783.58141128816
2018.70739980585	6732.95919015016	6892.07064975706	6895.67974783931	6069.51774420232	6906.40406948079	6917.5422701962	6827.37404273844	5903.95230021798	6663.76964241847	6941.90103853609	6377.44062987388	6659.42494113009	6570.0762391339	6364.17713586454	6740.95077612639	5911.54784092924	6668.73184203795	6428.93591856628	6529.80712015856	6188.33051259827	5196.72254531123	6150.1818224606	6685.03500748549	6777.90954836891	6880.50760843012	6933.87406638977	6807.09352687142	6816.95022635661	6755.42709988151	6776.76900135026	6881.57838323844	6898.56182409051	6900.00047625641	6681.40413894371	6884.30278230022	6896.15924277519	6907.55035187254	5955.32396459864	6889.67075961312	6902.26552509836	6814.71699591663	6886.86791919239	6760.26144295623	6713.2509074967	6789.42408981288
2018.91318731798	6735.42892212321	6893.08458247254	6896.75259168254	6719.66053892433	6906.40406948079	6917.5422701962	6840.50713847693	6392.49562525448	6709.91442882275	6941.90103853609	6486.27039348761	6694.79570588342	6638.89588228478	6471.40442021848	6812.69503312397	6040.94667618548	6719.24589036602	6525.45067467832	6581.6427406353	6311.0597517448	6063.25984033283	6296.12733291058	6704.65638670688	6780.23792533564	6880.50760843012	6933.87406638977	6836.14079371066	6817.33529434996	6756.15196248783	6777.15434762604	6882.81154279694	6898.56182409051	6900.00047625641	6681.57383340356	6885.69557110069	6896.15924277519	6907.55035187254	6648.79802286817	6890.49716622662	6902.97088721221	6814.71699591663	6886.86791919239	6761.06096462339	6724.77152812639	6795.27077184063
2019.11897483012	6737.89839917202	6894.09864782065	6897.82453034327	6719.66053892433	6906.40406948079	6917.5422701962	6853.6318282125	6825.68867679517	6756.39050024752	6941.90103853609	6597.71017310549	6730.45141778571	6708.60960837625	6580.88641680472	6884.78236528678	6175.59060414393	6770.21503809052	6623.83862526505	6633.9412489572	6437.18604367199	6328.56486106413	6447.59818936665	6724.30004927241	6782.56598881998	6880.50760843012	6933.87406638977	6865.29860492834	6817.7203880736	6756.87663027151	6777.53474533511	6884.04499407413	6898.56182409051	6900.00047625641	6681.74353037347	6887.08799272148	6896.15924277519	6907.55035187254	6921.17002357354	6891.32354739532	6903.67628511846	6814.71699591663	6886.86791919239	6761.86060684811	6736.27225267242	6801.12144679464
2019.32476234225	6740.36762098594	6895.11284574111	6898.89556646118	6719.66053892433	6906.40406948079	6917.5422701962	6866.74806452023	6851.29830107034	6803.19086058425	6941.90103853609	6711.62427399034	6766.38716904118	6779.18845467724	6692.50843780541	6957.20100662016	6315.13522026015	6821.62853250452	6724.01362343752	6686.69130722087	6566.50679075644	6533.53669700036	6604.20047204858	6743.96574846981	6784.89373855251	6880.50760843012	6933.87406638977	6894.56552242612	6818.10550752272	6757.60110318123	6777.91021269239	6885.27873688394	6898.56182409051	6900.00047625641	6681.91322985392	6888.48004888572	6896.15924277519	6907.55035187254	6921.28126984363	6892.14990310731	6904.38171880448	6814.71699591663	6886.86791919239	6762.66036958344	6747.75302721308	6806.97610412416
2019.53054985439	6742.83658725425	6896.12717617369	6899.96570267922	6719.66053892433	6906.40406948079	6917.5422701962	6879.85579989114	6876.94647013337	6850.30864642384	6941.90103853609	6827.88278724026	6802.5981232105	6850.60425024411	6806.16084115091	7029.9396059317	6459.25261461426	6873.47583650258	6825.89286505461	6739.88182070252	6698.82949477681	6747.06504430284	6765.5626269855	6763.65323921265	6787.2211742637	6880.50760843012	6933.87406638977	6923.94012527804	6818.4906526925	6758.32538116575	6778.28076795546	6886.51277104036	6898.56182409051	6900.00047625641	6682.08293184542	6889.87174131869	6896.15924277519	6907.55035187254	6921.39248630654	6892.97623335065	6905.08718825765	6814.71699591663	6886.86791919239	6763.46025278242	6759.21379779815	6812.83473330444
2019.73633736652	6742.83658725425	6896.12717617369	6899.96570267922	6719.66053892433	6906.40406948079	6917.5422701962	6879.85579989114	6876.94647013337	6850.30864642384	6941.90103853609	6827.88278724026	6802.5981232105	6850.60425024411	6806.16084115091	7029.9396059317	6459.25261461426	6873.47583650258	6825.89286505461	6739.88182070252	6698.82949477681	6747.06504430284	6765.5626269855	6763.65323921265	6787.2211742637	6880.50760843012	6933.87406638977	6923.94012527804	6818.4906526925	6758.32538116575	6778.28076795546	6886.51277104036	6898.56182409051	6900.00047625641	6682.08293184542	6889.87174131869	6896.15924277519	6907.55035187254	6921.39248630654	6892.97623335065	6905.08718825765	6814.71699591663	6886.86791919239	6763.46025278242	6759.21379779815	6812.83473330444
2019.94212487866	6742.83658725425	6896.12717617369	6899.96570267922	6719.66053892433	6906.40406948079	6917.5422701962	6879.85579989114	6876.94647013337	6850.30864642384	6941.90103853609	6827.88278724026	6802.5981232105	6850.60425024411	6806.16084115091	7029.9396059317	6459.25261461426	6873.47583650258	6825.89286505461	6739.88182070252	6698.82949477681	6747.06504430284	6765.5626269855	6763.65323921265	6787.2211742637	6880.50760843012	6933.87406638977	6923.94012527804	6818.4906526925	6758.32538116575	6778.28076795546	6886.51277104036	6898.56182409051	6900.00047625641	6682.08293184542	6889.87174131869	6896.15924277519	6907.55035187254	6921.39248630654	6892.97623335065	6905.08718825765	6814.71699591663	6886.86791919239	6763.46025278242	6759.21379779815	6812.83473330444
2020.14791239079	6742.83658725425	6896.12717617369	6899.96570267922	6719.66053892433	6906.40406948079	6917.5422701962	6879.85579989114	6876.94647013337	6850.30864642384	6941.90103853609	6827.88278724026	6802.5981232105	6850.60425024411	6806.16084115091	7029.9396059317	6459.25261461426	6873.47583650258	6825.89286505461	6739.88182070252	6698.82949477681	6747.06504430284	6765.5626269855	6763.65323921265	6787.2211742637	6880.50760843012	6933.87406638977	6923.94012527804	6818.4906526925	6758.32538116575	6778.28076795546	6886.51277104036	6898.56182409051	6900.00047625641	6682.08293184542	6889.87174131869	6896.15924277519	6907.55035187254	6921.39248630654	6892.97623335065	6905.08718825765	6814.71699591663	6886.86791919239	6763.46025278242	6759.21379779815	6812.83473330444
2020.35369990292	6742.83658725425	6896.12717617369	6899.96570267922	6719.66053892433	6906.40406948079	6917.5422701962	6879.85579989114	6876.94647013337	6850.30864642384	6941.90103853609	6827.88278724026	6802.5981232105	6850.60425024411	6806.16084115091	7029.9396059317	6459.25261461426	6873.47583650258	6825.89286505461	6739.88182070252	6698.82949477681	6747.06504430284	6765.5626269855	6763.65323921265	6787.2211742637	6880.50760843012	6933.87406638977	6923.94012527804	6818.4906526925	6758.32538116575	6778.28076795546	6886.51277104036	6898.56182409051	6900.00047625641	6682.08293184542	6889.87174131869	6896.15924277519	6907.55035187254	6921.39248630654	6892.97623335065	6905.08718825765	6814.71699591663	6886.86791919239	6763.46025278242	6759.21379779815	6812.83473330444
2020.55948741506	6742.83658725425	6896.12717617369	6899.96570267922	6719.66053892433	6906.40406948079	6917.5422701962	6879.85579989114	6876.94647013337	6850.30864642384	6941.90103853609	6827.88278724026	6802.5981232105	6850.60425024411	6806.16084115091	7029.9396059317	6459.25261461426	6873.47583650258	6825.89286505461	6739.88182070252	6698.82949477681	6747.06504430284	6765.5626269855	6763.65323921265	6787.2211742637	6880.50760843012	6933.87406638977	6923.94012527804	6818.4906526925	6758.32538116575	6778.28076795546	6886.51277104036	6898.56182409051	6900.00047625641	6682.08293184542	6889.87174131869	6896.15924277519	6907.55035187254	6921.39248630654	6892.97623335065	6905.08718825765	6814.71699591663	6886.86791919239	6763.46025278242	6759.21379779815	6812.83473330444
2020.76527492719	6742.83658725425	6896.12717617369	6899.96570267922	6719.66053892433	6906.40406948079	6917.5422701962	6879.85579989114	6876.94647013337	6850.30864642384	6941.90103853609	6827.88278724026	6802.5981232105	6850.60425024411	6806.16084115091	7029.9396059317	6459.25261461426	6873.47583650258	6825.89286505461	6739.88182070252	6698.82949477681	6747.06504430284	6765.5626269855	6763.65323921265	6787.2211742637	6880.50760843012	6933.87406638977	6923.94012527804	6818.4906526925	6758.32538116575	6778.28076795546	6886.51277104036	6898.56182409051	6900.00047625641	6682.08293184542	6889.87174131869	6896.15924277519	6907.55035187254	6921.39248630654	6892.97623335065	6905.08718825765	6814.71699591663	6886.86791919239	6763.46025278242	6759.21379779815	6812.83473330444
2020.97106243933	6742.83658725425	6896.12717617369	6899.96570267922	6719.66053892433	6906.40406948079	6917.5422701962	6879.85579989114	6876.94647013337	6850.30864642384	6941.90103853609	6827.88278724026	6802.5981232105	6850.60425024411	6806.16084115091	7029.9396059317	6459.25261461426	6873.47583650258	6825.89286505461	6739.88182070252	6698.82949477681	6747.06504430284	6765.5626269855	6763.65323921265	6787.2211742637	6880.50760843012	6933.87406638977	6923.94012527804	6818.4906526925	6758.32538116575	6778.28076795546	6886.51277104036	6898.56182409051	6900.00047625641	6682.08293184542	6889.87174131869	6896.15924277519	6907.55035187254	6921.39248630654	6892.97623335065	6905.08718825765	6814.71699591663	6886.86791919239	6763.46025278242	6759.21379779815	6812.83473330444
2021.17684995146	6742.83658725425	6896.12717617369	6899.96570267922	6719.66053892433	6906.40406948079	6917.5422701962	6879.85579989114	6876.94647013337	6850.30864642384	6941.90103853609	6827.88278724026	6802.5981232105	6850.60425024411	6806.16084115091	7029.9396059317	6459.25261461426	6873.47583650258	6825.89286505461	6739.88182070252	6698.82949477681	6747.06504430284	6765.5626269855	6763.65323921265	6787.2211742637	6880.50760843012	6933.87406638977	6923.94012527804	6818.4906526925	6758.32538116575	6778.28076795546	6886.51277104036	6898.56182409051	6900.00047625641	6682.08293184542	6889.87174131869	6896.15924277519	6907.55035187254	6921.39248630654	6892.97623335065	6905.08718825765	6814.71699591663	6886.86791919239	6763.46025278242	6759.21379779815	6812.83473330444
2021.3826374636	6742.83658725425	6896.12717617369	6899.96570267922	6719.66053892433	6906.40406948079	6917.5422701962	6879.85579989114	6876.94647013337	6850.30864642384	6941.90103853609	6827.88278724026	6802.5981232105	6850.60425024411	6806.16084115091	7029.9396059317	6459.25261461426	6873.47583650258	6825.89286505461	6739.88182070252	6698.82949477681	6747.06504430284	6765.5626269855	6763.65323921265	6787.2211742637	6880.50760843012	6933.87406638977	6923.94012527804	6818.4906526925	6758.32538116575	6778.28076795546	6886.51277104036	6898.56182409051	6900.00047625641	6682.08293184542	6889.87174131869	6896.15924277519	6907.55035187254	6921.39248630654	6892.97623335065	6905.08718825765	6814.71699591663	6886.86791919239	6763.46025278242	6759.21379779815	6812.83473330444
2021.58842497573	6742.83658725425	6896.12717617369	6899.96570267922	6719.66053892433	6906.40406948079	6917.5422701962	6879.85579989114	6876.94647013337	6850.30864642384	6941.90103853609	6827.88278724026	6802.5981232105	6850.60425024411	6806.16084115091	7029.9396059317	6459.25261461426	6873.47583650258	6825.89286505461	6739.88182070252	6698.82949477681	6747.06504430284	6765.5626269855	6763.65323921265	6787.2211742637	6880.50760843012	6933.87406638977	6923.94012527804	6818.4906526925	6758.32538116575	6778.28076795546	6886.51277104036	6898.56182409051	6900.00047625641	6682.08293184542	6889.87174131869	6896.15924277519	6907.55035187254	6921.39248630654	6892.97623335065	6905.08718825765	6814.71699591663	6886.86791919239	6763.46025278242	6759.21379779815	6812.83473330444
2021.79421248787	6742.83658725425	6896.12717617369	6899.96570267922	6719.66053892433	6906.40406948079	6917.5422701962	6879.85579989114	6876.94647013337	6850.30864642384	6941.90103853609	6827.88278724026	6802.5981232105	6850.60425024411	6806.16084115091	7029.9396059317	6459.25261461426	6873.47583650258	6825.89286505461	6739.88182070252	6698.82949477681	6747.06504430284	6765.5626269855	6763.65323921265	6787.2211742637	6880.50760843012	6933.87406638977	6923.94012527804	6818.4906526925	6758.32538116575	6778.28076795546	6886.51277104036	6898.56182409051	6900.00047625641	6682.08293184542	6889.87174131869	6896.15924277519	6907.55035187254	6921.39248630654	6892.97623335065	6905.08718825765	6814.71699591663	6886.86791919239	6763.46025278242	6759.21379779815	6812.83473330444
2022	6742.83658725425	6896.12717617369	6899.96570267922	6719.66053892433	6906.40406948079	6917.5422701962	6879.85579989114	6876.94647013337	6850.30864642384	6941.90103853609	6827.88278724026	6802.5981232105	6850.60425024411	6806.16084115091	7029.9396059317	6459.25261461426	6873.47583650258	6825.89286505461	6739.88182070252	6698.82949477681	6747.06504430284	6765.5626269855	6763.65323921265	6787.2211742637	6880.50760843012	6933.87406638977	6923.94012527804	6818.4906526925	6758.32538116575	6778.28076795546	6886.51277104036	6898.56182409051	6900.00047625641	6682.08293184542	6889.87174131869	6896.15924277519	6907.55035187254	6921.39248630654	6892.97623335065	6905.08718825765	6814.71699591663	6886.86791919239	6763.46025278242	6759.21379779815	6812.83473330444
